LL:
166 170 141 178 179 183 185 182 186 189 189 188 189 188 189 189 192 192 192 194 192 194 196 196 193 195 197 198 198 196 198 198 200 200 199 200 201 200 201 201 202 202 201 202 204 204 201 202 203 204 204 203 207 209 207 210 205 206 207 206 207 206 201 204 206 206 207 207 206 207 212 208 208 205 205 208 206 207 208 207 207 207 206 208 204 205 207 204 204 204 203 203 202 203 203 201 203 203 200 199 201 199 199 201 199 204 200 201 200 197 198 197 195 199 197 198 196 193 194 196 196 196 195 192 192 191 187 163
187 186 148 185 188 185 188 189 191 192 194 192 192 190 194 192 195 191 193 196 195 196 198 197 194 196 198 198 200 198 198 201 202 202 201 200 202 201 203 204 203 205 205 202 206 204 204 205 208 208 206 205 208 209 207 210 207 207 208 208 206 207 205 208 208 208 209 207 207 210 212 208 208 205 206 208 208 210 208 206 209 209 206 208 206 205 205 206 205 202 206 205 204 204 205 200 204 206 201 204 203 198 201 200 200 202 203 201 202 202 202 202 198 199 199 199 196 196 195 198 197 197 195 193 194 191 186 148
185 187 149 190 185 185 185 188 190 195 195 191 192 191 192 192 193 193 192 196 197 196 201 197 197 198 200 198 196 200 200 200 202 201 201 201 203 205 204 207 203 203 202 199 203 204 204 206 208 207 206 205 208 209 208 209 208 208 208 206 207 206 206 208 208 208 207 209 212 211 210 210 209 207 207 212 211 210 210 206 210 210 209 208 209 205 207 205 205 206 206 206 206 204 204 201 204 205 203 203 204 200 202 202 202 202 204 202 202 202 200 202 201 201 197 201 200 197 197 198 197 196 194 197 196 195 190 154
187 187 146 190 185 185 185 188 191 195 193 193 189 190 193 193 193 195 194 198 196 198 199 199 197 200 198 198 199 200 203 201 201 203 202 203 204 203 207 207 202 203 202 204 206 205 206 208 209 208 206 206 208 209 208 208 208 207 209 206 206 207 205 205 207 210 208 208 210 210 211 210 211 210 211 210 211 210 210 209 211 210 210 210 210 206 208 207 206 206 208 207 208 207 207 205 207 208 204 206 206 204 203 202 201 203 202 202 205 203 204 206 204 202 200 201 200 199 198 196 194 196 196 196 197 197 191 144
186 184 151 191 189 187 186 188 191 193 192 194 193 193 195 193 195 196 195 199 199 200 202 202 200 201 198 199 202 203 203 203 203 205 204 203 205 200 203 209 205 203 205 206 209 206 207 210 208 207 208 207 210 208 207 211 208 207 208 208 208 206 206 205 206 207 207 203 208 212 212 210 210 211 210 210 207 209 210 209 210 209 209 208 207 205 209 206 209 207 204 206 208 207 207 205 209 208 205 205 206 205 206 202 203 203 203 201 204 205 208 208 204 204 203 200 201 200 199 198 196 197 199 200 201 199 195 153
187 186 149 191 187 191 191 188 192 194 194 194 196 199 195 195 196 197 197 200 201 201 203 201 202 203 200 199 205 204 204 204 203 205 204 203 205 205 207 208 204 203 208 207 206 206 206 209 211 212 211 206 207 212 211 213 212 209 210 208 205 205 204 205 209 208 210 207 211 214 212 210 210 211 212 213 208 209 212 210 210 211 213 209 208 209 210 209 209 209 207 209 207 205 207 206 206 208 206 204 206 204 206 206 205 207 205 202 205 205 206 206 205 205 202 201 205 201 204 204 197 198 200 201 203 201 199 160
186 187 148 189 189 186 192 190 192 193 194 196 198 197 196 198 197 196 197 198 201 201 204 203 201 202 197 200 204 203 204 207 205 207 206 204 205 204 206 207 206 207 207 207 209 210 207 209 208 212 211 209 209 210 210 213 212 211 209 209 208 207 205 203 207 209 210 207 212 213 210 211 211 211 212 211 210 212 213 210 211 210 211 209 210 209 211 211 211 209 207 210 208 208 209 208 208 208 208 207 206 207 207 207 206 206 207 204 204 206 207 209 206 206 203 204 203 206 205 203 199 198 202 199 203 203 198 167
189 185 145 189 190 190 193 193 195 195 195 199 197 197 197 198 198 198 197 196 201 204 205 202 203 204 201 204 205 203 204 203 205 205 206 203 205 206 204 209 208 208 209 208 212 210 211 210 210 210 213 211 213 212 213 215 215 214 210 208 211 209 209 205 207 209 210 211 212 213 211 209 211 212 213 214 212 212 214 212 213 213 211 208 208 207 212 210 213 210 207 210 207 209 211 209 208 208 209 209 207 207 207 207 208 208 208 208 207 207 207 211 207 205 204 205 207 206 206 205 201 201 203 201 202 204 197 165
192 188 147 191 190 186 193 191 195 197 196 198 197 196 198 200 202 202 199 199 201 201 200 203 204 206 203 206 205 203 206 204 204 206 207 206 209 211 207 207 209 209 212 211 211 211 210 212 211 213 213 213 213 213 213 215 217 214 208 208 209 210 210 208 209 209 211 214 214 215 214 211 212 214 214 216 214 212 216 214 213 213 212 208 210 209 210 210 211 210 210 211 208 206 210 208 207 210 209 208 210 209 210 210 206 208 208 206 205 205 209 212 210 210 208 208 209 208 205 205 204 202 206 205 203 204 198 166
191 189 150 192 190 194 194 194 198 199 196 197 197 197 198 201 203 202 201 199 202 203 206 208 206 206 206 207 205 205 207 207 209 212 211 209 212 210 209 210 210 211 211 211 213 210 212 213 213 214 212 214 214 214 212 215 215 213 211 210 211 215 214 210 211 211 212 216 216 217 214 214 213 215 216 216 213 213 215 213 213 213 211 211 214 212 212 211 212 214 209 210 207 205 210 211 207 211 208 210 212 212 213 208 210 209 208 208 208 209 210 214 210 211 212 211 210 210 207 208 206 207 207 209 208 205 199 166
194 192 157 195 194 196 196 196 198 200 199 201 200 199 198 202 204 204 204 203 203 204 207 207 208 209 206 208 207 207 207 209 210 212 213 209 210 212 210 213 211 211 212 211 213 208 211 213 213 213 213 213 212 213 213 217 217 215 211 211 212 214 213 212 211 212 214 216 216 215 214 216 215 215 215 218 215 215 216 215 214 214 216 215 217 214 216 212 213 214 210 211 208 207 212 211 210 212 209 210 214 213 214 210 210 209 209 210 211 210 214 215 213 215 215 213 213 211 208 211 209 210 214 209 208 207 202 176
194 190 156 195 197 198 194 199 199 199 200 202 203 202 201 203 204 204 206 205 204 203 205 208 208 212 208 208 207 207 210 211 210 212 212 210 212 213 212 212 210 211 213 211 215 213 214 214 212 213 214 214 215 213 214 215 215 215 213 213 212 212 211 213 213 215 215 217 214 215 217 216 218 215 217 218 217 217 217 216 215 218 218 217 214 214 217 215 213 217 212 216 214 212 213 213 214 214 210 213 214 213 213 212 210 212 212 214 213 215 215 215 212 213 213 213 213 211 208 211 212 210 207 209 207 207 206 183
192 194 162 197 196 198 198 198 201 201 199 202 200 201 200 205 203 206 205 205 205 207 210 209 211 211 211 211 211 209 209 213 211 210 210 209 213 213 214 213 211 212 212 212 215 215 215 218 214 214 216 217 217 216 214 216 217 215 215 213 210 212 213 214 215 213 217 216 215 216 219 219 221 220 217 218 216 217 218 214 218 217 217 218 215 214 217 214 212 215 214 216 215 212 213 214 215 214 214 214 212 213 215 214 214 213 214 213 213 217 215 216 213 213 215 215 212 212 214 214 213 211 210 208 209 211 206 174
195 194 156 195 197 199 197 195 199 201 199 204 204 202 202 204 204 206 206 205 206 209 211 212 211 211 210 212 210 209 212 213 212 216 212 213 214 213 212 213 211 211 212 214 217 215 216 217 216 214 216 216 217 217 217 217 216 216 216 214 214 215 215 216 216 216 217 215 214 218 219 219 220 219 219 218 217 219 218 216 218 218 217 217 216 218 219 216 214 215 211 215 213 214 215 215 215 215 215 216 213 214 213 214 215 216 214 212 215 218 216 217 215 214 215 213 216 215 214 215 215 212 213 209 210 212 206 172
196 196 159 199 196 199 198 198 200 202 203 206 207 206 205 205 205 207 207 206 206 208 210 211 209 212 211 213 211 212 213 213 212 214 212 214 215 213 212 216 212 213 213 214 217 218 215 219 214 216 216 218 219 218 215 217 217 216 217 216 216 216 216 215 216 216 215 217 217 219 220 220 221 221 219 219 218 219 219 218 218 217 216 218 218 218 220 215 216 215 213 217 214 213 216 217 218 218 215 216 217 215 216 216 216 218 214 213 215 216 218 216 215 217 216 215 216 215 213 215 215 212 213 210 212 214 207 178
198 195 150 198 196 199 199 197 198 204 206 208 208 206 205 204 204 206 205 207 209 211 213 211 211 214 212 215 214 215 216 216 213 215 215 217 215 211 212 215 214 215 213 215 216 218 215 219 216 217 218 217 219 218 216 218 218 217 218 218 217 216 216 218 217 215 216 217 217 222 222 221 222 220 221 218 217 220 219 219 220 217 218 220 219 221 220 217 217 216 214 216 216 216 218 217 218 218 216 216 217 216 217 218 215 218 216 216 217 216 219 218 215 217 217 216 216 216 215 215 214 214 214 211 212 215 208 176
197 196 150 195 195 200 198 199 202 204 206 206 205 206 207 209 205 208 208 209 210 211 211 209 211 213 213 214 215 216 216 215 214 216 215 219 218 215 213 215 215 215 216 215 218 219 218 219 217 217 219 219 219 219 215 217 218 218 218 218 216 217 216 217 217 218 218 218 219 220 222 221 221 220 221 220 218 221 222 220 221 219 218 221 220 222 222 219 219 218 214 216 214 218 218 216 218 218 217 218 219 218 219 218 216 216 217 215 217 216 217 218 217 218 220 217 217 216 212 216 215 214 215 213 212 214 210 178
198 196 140 196 198 199 201 200 205 206 207 207 207 208 210 209 210 209 208 211 212 212 211 211 212 215 216 215 217 215 217 217 216 218 215 216 217 216 215 218 218 218 216 217 217 218 217 218 219 218 219 221 220 219 216 220 221 219 221 219 216 220 217 217 217 218 217 218 221 221 222 223 222 222 221 220 220 221 222 220 223 220 220 220 220 219 221 218 220 219 217 219 217 218 217 219 219 217 216 219 219 220 218 218 215 217 218 217 219 218 217 220 217 220 221 218 216 214 212 217 217 217 217 213 213 216 211 177
200 198 147 198 196 199 201 201 205 207 210 208 207 207 211 210 210 208 210 212 213 211 212 213 213 215 216 217 217 215 217 218 218 220 217 218 220 217 216 216 216 220 219 217 218 217 217 220 220 220 221 220 221 222 220 221 221 221 222 218 219 221 219 219 219 218 220 218 221 222 223 223 223 221 220 220 220 221 222 222 223 221 221 222 220 219 221 218 222 219 219 220 219 218 220 220 219 219 218 218 219 221 219 216 216 219 218 218 220 219 220 222 217 219 220 220 220 218 216 218 218 217 218 216 216 217 216 185
201 199 147 199 196 199 201 203 206 206 207 207 207 207 212 210 210 211 209 212 211 212 214 217 215 216 215 217 218 217 217 218 218 220 218 219 221 220 219 219 218 219 219 218 219 220 221 223 221 219 222 221 222 223 222 222 220 221 224 221 219 222 219 219 221 218 220 219 220 223 224 223 223 221 223 222 221 223 223 222 224 223 221 223 221 220 222 220 221 221 217 220 221 221 221 219 220 221 219 221 221 221 220 217 218 222 219 219 222 221 221 222 220 220 221 220 221 222 220 220 218 217 217 216 218 219 217 199
202 201 147 203 200 201 203 206 206 203 206 206 209 209 210 208 211 211 210 213 214 214 215 216 217 215 215 216 220 218 220 219 220 220 219 219 221 218 219 220 219 221 220 221 220 221 223 224 221 220 224 223 223 225 222 222 222 223 225 222 220 220 221 220 220 219 222 221 223 224 223 223 224 223 223 222 221 222 225 222 224 222 223 224 223 222 222 221 221 221 220 222 221 222 221 220 220 221 221 221 223 220 221 218 220 223 220 223 223 221 220 222 221 221 221 220 222 221 220 220 218 215 218 216 218 219 215 198
205 200 141 203 202 203 203 204 206 204 206 207 209 208 208 210 211 210 212 212 215 213 215 216 218 218 217 216 220 219 220 220 220 221 222 220 222 219 221 221 219 219 220 222 220 223 223 224 219 221 223 224 224 224 223 223 223 223 223 222 222 223 222 221 223 222 222 224 222 225 223 222 222 223 223 224 224 225 225 223 225 224 225 226 225 223 223 222 221 221 222 223 222 222 224 221 223 222 222 222 223 222 223 222 222 222 222 223 224 222 221 222 221 222 221 220 220 223 223 220 219 216 217 218 221 222 217 197
201 199 147 204 205 205 206 206 207 210 209 210 209 207 207 208 210 212 212 212 217 216 216 218 218 217 217 218 221 222 221 222 221 223 222 220 222 219 219 220 219 222 224 222 223 224 224 224 221 222 224 224 224 225 223 224 223 224 223 223 222 224 223 223 224 224 224 224 224 226 224 223 223 223 225 226 226 226 226 224 226 226 225 226 223 223 225 223 222 222 224 224 223 222 224 222 224 225 223 223 223 223 224 222 222 223 223 223 224 222 221 223 221 223 223 220 222 224 223 222 219 218 216 217 219 221 218 201
203 202 150 203 204 206 209 209 210 210 211 212 213 210 210 209 211 213 212 217 218 216 217 221 217 217 219 220 221 221 221 223 222 222 222 220 221 218 219 221 219 221 223 222 225 225 224 225 223 223 224 225 225 225 223 226 226 223 223 224 223 225 224 224 225 223 224 225 225 228 227 224 224 224 224 226 226 226 227 224 225 226 226 228 224 224 225 223 224 225 224 226 225 223 224 223 222 225 223 223 225 223 224 222 220 223 224 224 223 223 222 222 222 223 224 221 223 224 223 223 220 218 219 221 221 221 216 200
203 202 149 203 204 206 211 209 207 212 213 214 212 212 213 212 212 213 214 218 218 217 218 219 220 220 219 221 223 221 223 222 223 222 222 221 220 219 220 221 221 222 224 223 225 225 225 226 224 225 226 226 225 226 224 225 224 224 226 225 225 225 224 225 224 224 224 225 226 228 227 227 226 226 225 226 224 226 227 222 224 226 226 227 226 226 225 223 222 224 224 225 225 223 224 223 223 226 223 223 225 223 224 225 222 224 223 223 223 224 223 221 222 223 224 223 224 223 221 224 221 220 221 221 221 220 215 200
205 202 147 203 204 210 211 206 209 212 215 213 212 214 214 212 214 215 216 217 219 220 219 220 221 221 220 223 222 221 222 222 223 224 224 224 224 220 221 223 223 224 226 224 226 226 225 226 224 225 225 226 226 226 225 226 225 225 226 225 224 226 225 226 226 226 227 226 226 228 228 227 228 226 225 227 226 227 228 225 225 226 225 227 227 226 226 223 223 225 225 227 225 224 225 223 224 226 223 224 225 223 224 224 224 225 224 223 224 224 225 224 222 225 225 224 225 223 222 224 221 221 221 220 222 221 216 202
203 205 163 203 206 209 213 210 208 213 211 210 214 214 214 213 216 214 217 220 220 220 221 220 222 222 221 221 223 221 221 223 222 223 224 224 223 223 222 223 223 225 225 224 226 224 225 226 225 226 226 226 226 226 225 226 225 224 226 226 226 226 225 225 227 225 226 226 226 227 228 227 228 227 226 226 225 228 227 227 227 226 227 227 228 227 226 223 224 224 226 226 226 224 226 224 222 224 225 225 224 223 224 225 225 225 221 222 226 224 226 226 224 227 226 224 226 225 225 224 221 221 220 221 221 221 218 205
205 206 165 206 209 210 212 211 211 213 210 212 212 214 213 214 215 217 216 220 221 220 222 223 224 224 223 223 222 223 223 223 222 224 225 224 224 223 224 225 224 225 225 224 225 224 224 225 226 226 227 226 226 227 226 227 225 224 226 225 227 225 226 227 228 227 228 226 227 228 228 227 228 227 228 225 225 226 228 227 228 228 227 228 227 227 226 225 224 225 224 225 225 225 225 225 223 224 225 224 225 223 224 223 224 226 224 224 226 225 225 227 225 227 227 224 225 225 225 225 223 221 222 221 221 219 216 208
205 204 157 209 208 208 210 213 212 213 213 213 212 213 216 215 216 220 217 220 221 221 225 223 224 224 224 224 224 224 225 225 224 225 225 224 225 224 224 225 225 227 225 225 226 225 224 227 226 227 227 226 227 227 226 227 226 226 228 226 227 227 226 227 227 227 229 228 226 228 228 227 227 228 228 228 226 228 228 227 229 228 225 226 225 226 225 225 224 226 224 224 222 224 224 224 224 225 225 226 226 224 225 225 225 227 225 225 226 225 226 227 227 226 226 224 225 224 225 224 222 221 221 221 220 220 218 207
205 202 154 210 206 208 210 212 213 214 215 214 216 216 218 217 218 221 216 219 220 220 222 222 224 225 226 225 225 224 224 224 225 226 225 225 225 225 225 226 225 226 227 224 224 224 225 227 226 226 227 226 226 228 227 228 228 227 228 227 227 228 227 228 228 227 229 228 227 228 228 228 229 227 228 228 227 228 228 226 229 227 225 226 225 225 226 225 223 226 226 225 222 222 222 222 224 227 227 226 227 226 226 225 225 227 224 226 225 224 226 228 227 227 227 226 226 225 224 223 222 223 223 222 223 220 219 209
205 203 152 212 209 209 213 213 214 212 216 216 214 215 218 220 221 220 216 217 219 220 221 222 224 226 226 225 226 225 223 225 226 225 225 223 225 226 225 227 226 226 227 225 225 225 225 227 227 226 228 227 228 228 227 227 228 228 229 226 227 228 227 228 229 228 229 228 227 228 227 228 229 228 229 229 228 229 228 227 229 227 225 228 225 226 228 224 224 226 227 225 224 223 222 221 223 226 226 227 228 226 227 225 224 227 225 226 226 226 227 228 227 227 227 225 226 225 224 225 224 224 225 224 223 220 218 212
208 208 161 211 210 209 215 215 216 216 216 216 214 214 218 220 220 220 220 221 222 220 221 222 224 226 225 226 225 225 224 226 225 225 224 223 224 225 225 226 227 228 227 225 226 226 226 228 227 225 226 226 227 228 227 228 226 227 229 228 227 229 228 228 229 228 228 227 227 229 229 228 229 228 229 229 227 228 228 229 230 228 226 228 225 221 215 212 217 223 225 226 224 224 226 224 224 224 226 226 228 225 227 227 226 228 227 227 227 227 227 228 226 226 227 225 227 225 223 226 225 224 226 226 222 221 219 213
211 210 163 212 209 210 213 213 215 216 217 219 217 216 218 219 221 220 221 222 223 222 224 225 224 227 226 227 225 225 226 227 225 226 223 225 225 225 226 228 226 227 228 227 227 227 227 227 228 227 227 226 227 229 227 228 226 227 229 229 228 229 229 229 228 229 229 228 228 230 229 229 230 231 231 233 231 232 233 234 235 227 186 138 107 85 77 72 77 95 116 142 180 204 221 224 226 225 226 228 228 226 227 228 226 227 227 227 228 228 227 228 225 227 227 226 228 226 225 226 225 225 226 225 221 223 220 213
210 211 169 214 212 208 212 213 216 218 218 219 218 218 219 220 221 221 222 224 224 224 225 225 224 226 224 227 227 226 226 227 227 227 227 226 227 225 226 227 227 227 227 227 227 227 228 228 228 227 228 228 228 229 228 229 229 227 229 229 228 229 228 229 229 229 230 230 229 230 230 231 232 231 232 233 233 235 236 233 191 98 90 107 91 99 124 144 160 166 147 113 75 84 123 174 215 226 226 226 228 226 227 229 227 227 228 228 229 227 227 228 225 228 228 227 227 227 225 226 225 225 226 223 223 225 220 210
210 212 171 215 214 212 216 215 217 218 219 219 219 220 219 218 222 223 224 227 225 224 226 225 224 225 225 226 227 225 226 228 227 227 227 226 228 226 225 226 226 227 228 227 228 228 227 229 228 228 229 228 229 230 229 229 228 228 229 229 228 229 228 229 230 228 230 230 229 231 230 230 232 230 230 231 232 233 230 197 90 160 188 118 159 207 224 228 227 229 229 228 211 153 86 78 117 191 223 226 229 228 226 226 227 228 228 228 229 228 228 229 227 228 228 227 227 227 225 226 225 224 224 224 225 224 220 213
211 213 172 216 216 211 214 214 216 217 217 222 220 217 218 221 224 224 223 225 225 225 227 226 224 225 225 226 228 227 226 228 227 227 228 227 228 227 227 227 226 227 228 227 227 228 227 228 228 228 229 228 228 229 229 230 229 229 230 229 228 229 228 228 229 229 230 230 229 231 231 230 232 231 230 231 232 232 220 121 153 211 122 172 226 228 230 229 229 228 229 231 232 231 209 120 92 114 180 226 229 228 227 227 226 228 229 228 229 228 228 229 228 229 228 227 228 227 225 227 224 225 225 223 223 225 221 213
216 214 167 217 214 215 215 215 216 218 218 223 221 220 220 221 223 223 222 223 224 224 226 226 226 227 226 228 229 226 228 227 227 228 227 228 229 229 228 227 227 227 227 227 228 228 228 228 228 229 230 228 228 229 229 229 229 229 230 229 229 230 228 229 231 230 231 230 229 231 230 231 232 231 231 232 232 230 211 91 213 181 117 218 227 228 229 227 228 229 228 229 230 231 230 208 135 136 113 213 229 228 228 228 227 229 229 228 230 228 228 230 228 229 228 228 228 226 224 227 226 226 225 222 223 225 222 216
215 216 171 220 216 216 214 215 218 220 219 224 220 219 221 220 223 224 222 223 223 225 227 225 224 226 227 228 229 227 228 228 227 228 229 228 229 227 228 229 227 228 228 227 228 228 228 230 228 229 230 229 229 229 229 229 229 229 231 229 229 229 229 229 231 230 231 230 229 230 230 231 233 231 232 232 232 228 194 132 220 149 145 226 227 227 228 227 225 229 227 229 229 229 230 227 198 178 123 165 228 228 228 229 227 230 229 228 229 227 229 230 228 229 229 228 229 226 226 227 227 227 226 222 222 226 222 216
217 215 166 219 217 215 217 216 219 220 223 222 222 218 222 222 223 223 222 224 224 224 227 226 226 227 226 229 229 227 229 227 227 229 229 228 229 228 227 229 228 229 229 228 229 228 229 229 229 228 229 229 229 229 229 229 230 229 230 230 229 230 229 229 230 229 231 230 229 231 230 231 232 230 232 232 231 228 185 154 218 131 171 227 226 226 228 227 226 229 229 229 228 229 230 229 212 193 163 123 226 226 228 228 228 230 229 228 230 229 229 229 228 230 229 228 230 227 225 228 228 227 226 224 226 225 224 214
217 215 174 216 214 215 217 217 223 222 221 221 221 222 222 222 224 223 221 222 222 225 227 227 226 227 227 228 229 228 228 229 228 229 229 229 230 228 228 228 228 229 229 228 229 228 228 230 229 229 229 229 230 230 229 229 229 229 230 229 229 230 229 229 229 230 230 230 230 230 230 231 232 231 231 232 230 226 179 162 217 116 184 228 226 227 227 228 227 229 229 229 229 228 228 229 222 176 180 96 220 225 227 225 228 230 229 228 230 229 230 230 228 229 229 228 229 228 227 228 228 228 229 227 226 226 225 214
216 215 173 217 215 216 219 218 222 222 221 221 222 222 223 223 225 224 222 223 223 226 227 228 227 229 228 229 229 228 229 229 228 229 229 228 230 229 228 229 227 229 229 228 229 229 229 230 229 229 230 229 229 230 229 230 229 228 230 229 229 230 229 230 230 229 230 231 230 232 231 232 233 231 216 189 230 222 154 162 213 125 184 216 222 223 226 227 228 229 229 230 230 228 227 227 226 180 179 94 214 224 225 227 227 229 230 228 230 229 229 229 228 228 229 228 228 228 228 229 228 228 229 227 227 226 224 216
217 217 173 217 216 217 220 220 221 222 221 221 222 223 224 223 225 226 224 224 225 226 228 227 227 229 228 229 230 229 229 229 228 230 229 229 230 228 228 229 228 229 229 228 230 229 228 230 229 229 230 229 230 230 229 230 230 229 230 230 230 231 230 231 231 231 231 231 231 233 233 234 236 231 185 116 214 181 103 156 152 139 129 128 137 157 159 193 222 229 231 231 226 203 184 176 178 176 156 95 198 224 227 227 228 229 228 228 230 229 230 230 229 227 229 228 229 229 228 229 229 228 228 227 227 226 224 220
217 215 167 219 218 219 219 220 222 222 222 222 222 222 223 223 226 226 225 225 226 226 228 228 228 230 227 230 229 229 228 230 229 230 229 229 230 229 228 229 228 229 229 229 230 229 229 230 229 229 230 229 230 230 230 230 230 230 231 230 230 231 230 231 232 231 231 232 232 234 234 234 236 235 228 149 116 120 135 134 132 132 132 133 124 122 108 82 150 222 230 215 172 156 151 146 143 135 120 112 130 139 182 192 227 228 228 228 229 229 230 230 229 230 230 229 230 229 228 230 227 227 227 226 225 224 221 218
218 216 168 219 218 217 218 218 222 222 222 223 225 223 223 223 225 226 225 225 226 226 228 228 229 230 228 229 230 229 229 229 228 230 229 229 230 229 228 228 228 229 229 228 230 229 228 229 229 229 230 230 229 231 229 230 231 229 231 230 230 231 231 231 231 231 232 233 232 233 234 234 236 234 223 144 120 137 146 143 148 155 153 152 142 130 129 77 97 156 190 123 94 98 128 159 168 166 154 138 129 104 68 121 219 228 228 227 229 230 230 230 229 229 230 229 230 229 229 229 228 226 227 227 226 225 221 218
219 219 177 220 219 220 221 218 222 224 222 224 225 223 225 224 225 226 226 226 226 226 228 228 227 230 229 229 230 229 230 230 229 231 229 229 230 229 229 229 228 229 230 228 230 230 228 230 229 229 230 229 230 231 229 230 231 230 231 230 230 231 230 230 231 231 232 232 232 233 234 234 235 224 186 145 134 146 154 165 171 173 174 172 165 138 92 74 90 120 116 47 70 65 57 63 123 153 176 175 160 138 115 89 127 208 226 227 229 230 230 230 229 229 229 229 229 229 229 229 228 227 227 227 227 227 225 217
220 218 180 223 220 222 221 221 224 225 225 224 223 224 225 224 225 226 225 227 228 226 229 228 227 229 229 229 230 229 230 230 229 230 229 229 230 229 228 229 228 229 230 229 230 229 229 230 229 229 230 229 230 231 229 231 230 230 231 231 230 232 231 231 232 231 232 232 232 234 234 233 217 172 152 148 153 167 178 181 188 187 185 186 161 86 55 57 81 156 99 57 135 140 152 142 105 56 98 167 178 167 145 121 83 102 199 227 230 230 230 229 226 228 230 229 229 229 229 230 228 229 228 226 228 228 225 221
219 219 174 222 221 222 220 220 224 224 225 225 224 225 225 225 226 226 225 228 228 228 229 228 227 229 228 230 230 229 230 229 228 230 230 229 230 229 229 229 228 230 230 229 230 229 229 231 230 230 230 229 230 231 230 231 231 230 231 230 230 231 231 232 232 231 232 232 232 234 233 218 172 153 153 161 173 186 194 198 196 198 190 153 90 99 76 102 137 156 144 133 144 94 79 65 69 73 59 67 109 170 167 146 121 74 100 207 228 229 229 230 228 228 230 229 230 230 229 229 229 229 229 228 227 228 226 220
219 219 170 222 220 220 219 220 223 224 224 226 225 225 225 225 226 228 226 228 228 227 229 229 228 230 229 229 230 229 230 229 228 230 230 230 230 229 229 230 229 230 230 229 230 230 229 231 229 230 230 229 230 231 229 230 230 230 231 230 231 232 231 231 233 231 232 233 233 234 228 179 161 161 165 177 187 199 210 209 203 190 123 65 85 113 137 144 146 151 153 156 159 162 157 139 110 87 63 51 45 82 155 159 132 117 57 135 223 229 229 231 229 230 230 229 230 229 229 229 229 230 230 228 226 227 227 220
218 220 176 223 221 219 220 221 223 224 224 225 223 223 224 225 226 227 226 227 228 228 229 229 228 229 229 230 230 229 230 229 229 230 229 229 229 229 229 230 229 230 230 229 230 230 230 230 229 230 231 229 230 230 229 230 230 230 231 231 230 232 231 231 233 231 232 233 232 233 207 167 166 170 182 192 199 213 234 210 164 86 80 111 135 151 146 151 161 173 188 198 205 212 220 217 206 179 126 69 54 57 73 136 147 127 76 75 201 229 229 230 229 230 230 229 230 229 227 230 229 230 230 228 225 227 226 221
220 217 175 223 222 222 222 221 224 225 225 226 224 224 224 223 226 227 226 228 228 227 229 229 228 230 229 230 231 229 229 229 229 230 229 230 230 229 229 230 229 229 230 230 230 230 230 231 229 229 231 229 230 231 230 230 231 230 231 231 231 232 231 231 232 231 232 233 232 230 191 169 174 180 188 197 208 216 206 114 67 97 129 150 151 149 156 159 175 177 172 171 179 195 217 223 227 231 223 185 114 61 62 73 132 134 101 63 164 228 229 231 230 230 230 229 230 230 227 229 229 230 230 228 227 227 224 220
220 217 164 224 222 223 224 222 225 225 224 227 224 225 226 225 225 227 226 228 228 227 229 229 229 230 228 229 230 229 230 229 229 230 230 230 230 230 229 230 229 230 230 229 230 230 230 231 229 230 231 229 230 231 230 230 230 230 232 231 231 232 231 231 233 231 233 234 233 231 193 180 185 192 198 206 196 138 86 90 114 134 160 157 156 152 149 123 79 55 72 82 96 63 82 128 193 225 230 235 220 160 70 53 72 137 118 58 141 227 230 231 230 230 230 229 230 229 229 230 229 229 230 228 228 227 226 222
221 219 168 224 220 225 224 224 225 224 224 227 225 227 227 226 226 227 227 229 228 227 229 229 229 230 229 229 230 228 229 230 229 230 230 229 230 230 229 230 229 229 230 230 231 230 229 230 230 230 231 229 230 231 230 231 231 230 231 231 231 232 231 231 233 232 233 234 234 233 203 187 198 201 189 141 100 112 132 127 142 170 160 163 141 112 61 78 58 64 161 113 117 66 118 49 55 112 200 232 235 230 181 85 58 100 112 51 144 227 230 231 229 230 231 229 230 230 229 230 229 228 230 228 229 229 227 221
223 220 164 223 220 223 223 224 225 224 226 226 224 226 226 226 227 228 227 228 228 226 230 229 229 230 229 229 230 229 229 230 229 230 230 230 231 230 229 230 229 230 230 229 230 230 229 231 230 229 231 230 230 231 230 231 230 230 231 231 231 232 231 232 233 232 233 235 234 235 224 197 179 143 117 134 140 142 140 141 177 170 164 132 81 113 81 61 114 65 151 149 102 45 116 87 38 53 117 157 229 234 232 186 81 76 87 58 185 228 229 230 229 229 230 229 230 229 229 230 228 228 230 230 229 229 226 219
223 219 167 223 223 223 223 225 226 226 225 227 226 226 227 226 226 227 226 227 226 227 229 229 229 230 229 229 229 229 229 230 229 231 230 230 231 230 229 230 229 230 230 229 230 230 229 231 230 229 231 230 230 231 230 230 230 230 231 231 231 232 231 232 232 232 233 234 234 235 233 208 164 160 161 154 144 143 137 172 190 164 148 55 49 106 161 90 162 80 135 135 120 45 109 93 49 146 79 51 133 226 235 231 180 73 47 90 219 229 229 230 229 230 230 229 230 229 229 230 229 228 230 229 230 230 226 219
225 221 169 223 222 221 224 225 225 226 224 226 227 225 226 227 227 228 227 227 228 227 229 229 229 231 229 229 229 228 229 229 229 230 230 230 231 230 229 231 229 230 231 229 230 230 229 230 230 230 231 230 230 231 230 230 231 230 231 231 231 232 231 231 233 232 233 234 234 234 221 175 168 165 159 148 148 133 155 195 179 174 79 46 47 80 174 84 163 75 127 114 86 83 127 56 50 132 85 37 50 129 229 235 227 159 56 73 189 227 228 230 229 230 231 229 230 230 228 230 230 228 230 230 229 229 227 220
225 222 165 222 221 223 226 225 226 226 224 226 227 227 226 226 227 228 226 228 228 228 229 229 229 230 229 229 230 229 230 230 229 230 230 230 231 230 230 230 230 230 230 230 230 230 229 230 230 230 231 230 230 231 230 231 231 230 231 231 231 232 231 232 233 232 234 234 234 230 188 173 173 170 154 156 159 141 187 197 177 129 48 46 44 62 164 78 163 67 123 114 78 79 50 42 46 115 98 36 37 55 157 234 234 218 117 50 103 211 227 229 230 231 230 229 230 230 229 229 230 228 231 229 229 228 225 219
225 222 169 225 222 223 226 225 225 225 225 228 227 227 228 228 228 228 227 229 228 227 228 229 229 230 229 229 230 228 230 230 229 230 230 230 231 230 230 231 229 230 231 230 230 230 229 230 230 230 231 230 230 231 230 231 231 230 232 231 231 233 231 232 233 232 233 234 232 204 179 177 178 164 160 173 174 175 197 182 176 70 51 47 43 55 162 82 159 69 106 119 144 144 130 88 46 110 105 37 36 43 65 193 235 233 191 68 57 150 220 228 230 231 230 229 230 230 230 230 229 229 230 229 229 229 226 218
223 222 168 225 222 225 227 226 226 227 227 228 228 227 227 226 228 229 228 229 229 228 229 229 229 230 229 229 230 229 230 230 230 231 230 230 230 229 230 231 229 230 230 230 230 230 229 231 230 230 231 230 230 231 230 231 231 230 231 231 231 233 232 232 233 232 234 234 227 179 178 175 174 163 169 179 178 185 199 178 150 109 149 57 44 53 156 91 161 86 86 83 95 98 108 58 44 103 112 44 76 73 57 116 227 236 225 134 48 81 195 227 230 230 229 229 229 230 229 230 229 229 230 228 229 229 227 221
225 221 169 227 224 226 226 226 228 227 228 229 228 227 229 228 228 229 229 230 230 228 229 230 229 230 229 230 231 230 230 230 229 231 230 230 231 230 229 230 229 230 231 229 230 230 229 231 230 230 231 230 231 231 230 231 231 230 232 231 232 232 232 232 233 232 234 232 199 177 177 177 171 165 180 180 185 195 198 178 110 85 166 84 82 83 88 66 91 73 97 49 89 77 81 65 54 81 84 88 91 69 124 108 173 235 233 195 72 54 143 225 229 230 230 228 229 229 229 230 229 229 230 229 229 229 226 223
224 220 169 226 225 227 226 226 228 228 227 228 228 228 229 228 228 229 229 229 230 229 229 230 229 230 230 229 230 230 230 230 228 230 229 229 231 230 229 230 229 230 230 229 230 230 229 230 230 230 231 229 230 231 230 231 231 231 232 231 231 233 232 232 233 233 234 230 182 179 178 175 172 173 183 186 186 201 193 179 84 57 164 137 89 124 65 46 41 47 77 64 50 53 88 55 44 55 54 80 108 64 133 51 106 230 235 222 117 47 91 212 229 230 230 229 230 229 229 230 229 229 230 229 230 229 227 222
226 223 172 226 224 226 226 227 228 229 228 228 228 228 230 229 229 230 229 230 230 229 231 229 230 231 230 230 230 229 230 230 230 230 230 230 231 230 230 231 230 230 231 229 230 230 229 231 230 230 231 230 230 231 230 231 231 230 231 232 231 232 232 232 234 233 233 217 176 181 179 178 176 180 186 190 193 204 192 174 59 55 156 150 96 112 88 45 44 46 58 89 60 67 91 70 49 40 41 46 86 98 71 48 73 194 235 230 172 48 61 181 229 230 230 229 230 229 230 231 230 229 230 229 228 229 228 223
224 223 178 227 225 225 226 227 228 229 227 229 228 228 229 229 229 230 229 230 230 229 230 230 230 231 230 230 230 229 230 231 230 231 230 230 231 230 230 231 230 230 231 230 230 230 229 231 230 230 231 229 230 231 230 231 231 231 231 232 231 232 232 232 234 233 231 199 176 183 184 179 180 183 185 191 197 208 190 163 50 57 145 129 115 114 62 43 40 42 46 62 97 87 62 46 52 47 42 50 125 108 99 51 65 150 234 233 204 71 56 136 226 230 230 229 230 230 229 230 230 229 230 229 228 230 228 223
224 222 177 227 225 226 228 228 229 229 227 229 228 228 229 229 229 230 228 230 230 229 231 230 230 231 229 230 231 229 230 230 229 231 230 229 231 230 229 231 230 230 230 230 231 230 230 231 230 230 231 230 230 230 230 231 231 230 232 231 231 233 232 232 234 233 230 188 180 184 186 182 183 185 190 192 197 211 195 163 51 54 75 66 62 60 42 40 45 39 42 93 171 172 129 48 46 51 52 59 111 107 84 55 65 112 231 235 217 98 53 100 219 230 230 229 229 229 229 230 230 229 230 228 230 229 227 222
226 221 178 227 226 227 228 227 229 229 229 229 228 229 230 229 230 230 229 230 230 229 231 230 230 231 229 230 231 230 230 230 230 231 230 230 231 230 229 231 230 230 230 230 230 230 229 231 229 230 231 230 230 231 230 231 231 231 232 231 231 233 232 232 234 233 230 183 183 185 186 177 183 188 190 191 197 209 192 160 49 82 98 105 58 42 43 40 40 39 44 96 144 143 122 50 47 50 52 61 60 54 91 105 77 92 217 235 224 119 53 83 208 230 230 229 230 230 230 231 230 228 230 229 230 231 228 221
225 223 172 227 227 228 228 227 229 228 227 228 228 229 230 229 229 230 229 230 230 229 231 230 229 231 229 229 230 229 230 231 230 230 230 229 231 230 230 231 230 230 230 230 230 230 230 231 230 229 231 230 230 231 230 231 231 230 232 231 231 232 232 232 234 232 229 181 183 186 186 178 182 184 187 189 193 208 193 165 56 147 60 99 125 44 40 40 39 41 39 48 90 166 167 118 97 99 102 105 123 132 156 177 154 162 208 233 228 139 56 77 194 230 230 229 229 230 229 231 230 229 229 228 230 230 228 222
225 222 165 224 226 227 228 227 228 228 227 229 229 228 230 229 229 230 229 230 230 229 231 230 230 231 229 229 230 229 230 231 230 230 230 230 231 230 230 231 230 230 231 230 230 230 230 231 230 230 231 230 230 231 230 230 231 230 231 232 231 233 232 232 234 232 230 183 185 185 187 179 181 183 184 189 194 211 195 177 61 127 76 70 159 45 40 41 39 38 38 53 105 170 161 156 131 125 114 107 102 109 120 127 149 129 193 233 229 152 59 80 183 229 230 229 230 230 230 230 230 229 228 228 229 230 229 223
225 223 178 226 225 226 229 227 228 227 227 229 229 228 230 230 229 230 229 230 230 229 230 230 230 230 230 229 231 230 230 230 230 230 230 230 231 230 229 231 230 230 231 230 230 230 230 230 231 230 231 230 230 231 230 231 231 230 232 232 231 233 232 232 234 233 230 182 184 182 185 180 182 184 187 188 196 215 202 185 62 74 97 69 147 43 43 43 45 40 40 49 70 145 162 80 49 50 51 50 53 79 75 65 125 106 169 233 228 152 61 82 182 230 230 229 230 230 229 231 230 229 229 228 228 230 229 223
225 223 173 225 224 225 227 226 227 227 227 229 228 228 230 229 230 230 229 229 230 229 231 230 230 231 229 230 231 229 230 231 229 230 230 230 231 230 230 231 229 230 230 230 230 230 230 231 230 230 231 230 230 231 230 231 231 230 232 231 231 233 232 232 234 233 230 185 184 186 188 179 180 184 187 193 199 216 207 194 81 66 109 106 74 43 41 39 43 44 41 44 45 60 134 91 47 49 48 49 53 59 88 84 122 83 164 231 224 145 64 95 188 230 231 229 230 230 229 231 230 230 229 228 229 229 227 222
223 223 174 226 225 226 228 226 227 228 228 229 229 229 230 229 229 230 229 229 229 229 231 230 229 231 229 229 230 229 230 230 229 230 230 230 231 230 230 232 230 231 231 229 230 230 230 231 230 230 231 230 230 231 230 231 231 231 231 231 231 233 232 232 234 233 232 195 187 188 188 181 182 185 187 191 196 211 216 207 119 43 44 48 52 45 43 40 41 42 41 42 58 71 95 142 53 50 49 52 51 52 69 59 58 79 174 233 222 136 69 102 192 230 230 229 230 230 230 231 230 229 230 228 229 229 227 223
223 220 173 227 225 226 228 225 227 228 228 229 229 228 229 228 229 230 229 229 229 228 230 230 229 231 229 230 230 229 230 230 229 231 230 230 231 230 230 231 230 231 231 230 231 230 230 231 231 230 231 230 230 231 230 231 231 230 232 231 231 233 232 233 233 233 232 206 185 186 189 179 178 184 186 185 187 204 222 204 168 38 48 115 69 94 41 38 40 41 42 48 47 52 60 138 77 49 48 47 52 72 142 78 58 81 189 233 215 117 73 118 200 230 230 228 230 230 230 230 230 230 229 228 229 230 228 224
223 221 172 226 225 227 227 226 228 227 228 229 229 229 230 228 229 230 229 230 230 229 231 230 230 230 229 230 231 229 230 230 229 231 230 230 231 230 230 231 230 230 231 230 231 230 230 231 230 230 231 230 230 231 230 231 231 230 232 231 231 233 232 233 234 233 232 212 185 187 189 184 177 181 182 176 174 198 221 200 198 62 57 148 74 107 39 38 35 40 41 51 53 52 72 98 128 54 50 49 57 96 131 90 61 86 209 232 211 117 85 129 209 230 231 229 230 230 230 230 230 230 229 228 229 230 228 224
224 222 169 226 226 228 227 227 228 228 228 229 228 228 230 229 229 230 229 230 230 230 231 230 230 230 229 229 231 229 230 230 230 231 230 230 231 230 230 231 230 230 231 229 230 230 230 231 231 230 231 229 230 231 230 231 231 230 232 231 231 232 232 233 234 234 233 214 181 189 189 185 170 168 170 171 171 187 216 212 196 113 47 132 157 132 54 36 44 40 40 41 42 45 50 67 165 93 45 51 78 116 116 101 67 99 226 230 201 107 101 141 219 230 230 229 231 230 230 231 230 229 229 228 229 230 229 224
226 222 171 225 226 228 228 227 228 227 228 229 228 228 230 228 229 230 229 230 230 229 230 229 229 231 230 230 231 230 230 230 229 231 230 230 231 230 230 231 229 230 230 230 231 230 230 231 230 230 231 229 230 231 230 230 231 231 232 231 231 232 232 232 234 234 234 224 187 188 191 192 175 161 168 169 168 180 207 217 194 182 89 98 52 108 107 40 42 41 41 40 50 44 47 62 132 139 61 67 92 87 108 118 76 137 231 228 183 101 116 151 224 230 230 230 231 230 230 230 230 229 229 228 229 230 229 224
225 222 168 225 226 227 227 227 228 228 227 229 229 228 230 229 229 230 229 230 230 229 230 229 229 231 230 230 231 230 230 230 230 230 230 229 231 230 230 231 230 230 231 230 231 231 230 231 229 230 231 230 230 231 230 231 231 230 232 231 231 232 232 232 234 233 234 230 196 183 192 197 181 162 170 171 163 164 189 213 206 192 128 111 40 66 91 128 163 158 123 38 43 44 55 48 67 186 156 157 135 52 93 109 85 202 231 222 158 104 129 171 227 230 230 229 230 230 230 231 229 228 230 228 229 230 229 225
225 223 165 225 226 226 227 227 228 229 227 229 228 228 229 228 230 230 229 230 230 229 230 230 230 231 229 230 231 229 230 230 229 230 230 229 231 230 230 231 230 230 230 230 231 230 230 231 230 230 231 230 230 231 230 231 231 230 231 231 231 232 232 232 234 233 234 231 200 183 192 200 188 167 172 183 176 176 184 203 214 191 175 81 60 53 39 63 71 92 85 40 55 102 88 113 52 136 114 88 81 47 49 60 99 222 228 202 133 117 133 196 229 230 231 230 231 230 230 230 229 228 230 228 230 230 229 224
225 223 162 226 223 226 226 227 228 228 227 229 229 229 229 228 230 230 229 230 230 229 230 230 229 231 229 230 231 230 230 230 229 230 230 230 231 230 230 231 229 230 231 229 230 230 230 231 230 230 231 230 230 231 230 231 231 230 231 231 230 232 231 231 233 232 233 233 211 181 190 192 195 173 171 185 184 186 188 189 208 203 187 142 45 34 35 36 47 131 48 44 115 74 45 80 44 49 71 52 120 79 50 68 162 228 223 165 121 120 145 219 229 230 231 230 231 230 229 230 229 228 228 228 229 229 229 224
226 223 169 226 225 227 227 227 228 227 226 228 229 228 229 229 229 230 229 230 230 229 230 230 229 231 230 230 231 230 230 231 229 230 230 229 231 230 230 231 230 230 230 229 230 231 230 231 230 230 231 230 230 231 230 231 231 230 231 231 230 232 232 232 233 232 233 234 227 183 186 192 194 184 172 182 187 189 188 185 192 209 193 183 116 39 35 37 68 144 35 42 146 61 71 106 56 77 69 45 100 113 58 107 219 225 200 135 118 120 173 229 229 229 230 229 230 230 228 229 229 227 228 227 227 228 228 222
225 224 173 226 226 227 229 227 227 226 223 226 228 226 226 226 229 229 229 230 230 230 230 230 229 231 229 230 231 230 230 230 229 230 230 230 230 230 230 230 229 230 230 230 230 230 230 231 230 230 231 230 230 231 230 231 231 230 231 231 231 232 231 231 233 232 233 234 230 202 183 189 193 190 175 179 184 186 188 185 179 201 207 185 182 103 37 40 96 126 35 44 150 71 40 82 129 59 68 47 105 104 82 196 225 213 156 110 105 121 209 230 228 229 230 228 229 229 227 228 227 225 227 225 226 227 226 220
225 223 170 227 225 228 229 227 227 223 222 225 226 225 225 225 226 227 227 228 230 228 230 229 229 230 230 230 231 230 230 230 229 230 230 230 231 230 230 231 229 230 230 229 230 230 230 231 230 229 231 230 230 230 230 230 231 230 231 231 230 232 231 232 233 232 233 233 231 224 182 182 192 193 183 177 181 186 186 179 167 177 199 204 179 176 105 49 105 110 35 43 128 89 38 57 152 41 62 72 107 101 180 220 213 165 111 82 87 160 226 230 228 229 229 228 229 228 227 227 225 225 226 224 225 224 222 217
225 222 169 226 227 227 228 226 225 220 218 224 225 224 225 225 226 227 227 227 229 228 229 229 229 230 229 229 230 229 229 228 227 228 227 227 227 224 222 221 218 215 213 208 212 225 229 231 230 230 231 230 230 231 230 231 231 230 231 231 230 232 231 231 232 232 232 233 233 231 195 178 190 189 188 177 173 182 183 166 150 152 175 200 199 176 177 143 73 44 34 42 86 109 49 57 128 37 36 46 98 202 214 206 165 110 77 71 114 212 229 230 228 229 228 228 229 227 226 226 225 227 227 224 223 224 223 216
229 226 178 230 231 234 231 183 143 139 137 140 138 137 138 139 138 142 142 144 145 149 152 158 160 182 170 165 154 145 135 130 128 124 125 116 115 112 108 105 104 105 113 118 136 123 227 230 230 230 231 229 230 231 230 231 230 230 231 231 230 232 231 231 232 231 232 233 233 233 220 174 184 188 186 185 171 171 178 156 139 133 138 168 190 198 179 177 163 96 46 42 52 94 79 83 66 60 61 127 194 204 189 154 110 72 69 88 190 228 230 230 229 229 229 228 228 227 227 225 223 226 227 225 224 224 223 216
231 230 175 232 235 239 233 144 81 72 70 73 74 73 73 67 70 73 73 77 77 76 80 78 89 153 158 146 105 91 97 103 126 128 132 120 124 100 108 111 124 138 148 146 123 110 226 231 229 230 231 229 230 230 230 230 230 230 231 230 230 232 231 231 232 231 232 233 233 235 232 199 180 186 189 188 185 163 147 139 134 131 120 124 157 180 195 183 166 172 151 118 102 96 124 112 134 149 166 182 183 168 139 109 69 57 81 175 228 229 230 230 229 230 229 228 228 227 227 225 224 225 225 225 224 223 222 217
229 227 171 230 231 235 227 139 105 82 120 157 167 174 166 140 146 146 157 204 207 207 206 181 97 158 175 200 202 163 174 178 227 228 220 174 129 98 128 152 169 177 181 158 121 108 226 231 230 229 231 230 230 231 230 230 231 229 231 231 230 232 231 231 232 232 232 233 232 234 234 229 194 181 187 190 188 180 158 139 131 129 122 90 145 132 168 189 189 174 157 158 166 162 158 157 163 166 168 163 148 131 106 71 62 80 177 225 230 229 228 229 229 229 229 228 228 227 226 225 225 226 225 225 225 223 222 219
229 227 178 231 233 236 227 136 82 118 123 130 135 139 147 149 135 116 156 223 223 221 221 194 96 149 158 194 220 192 192 193 232 233 219 104 81 81 90 144 171 176 183 162 129 112 228 231 229 229 230 230 230 231 230 230 230 230 231 231 230 231 231 231 232 231 232 232 232 234 234 233 231 197 183 190 186 184 180 159 139 130 121 98 108 64 104 137 168 183 183 177 165 154 156 155 156 158 149 151 130 80 46 72 65 103 216 229 231 229 229 230 229 229 229 229 229 225 222 226 226 226 226 225 224 223 223 218
229 227 172 232 233 236 228 132 81 120 121 138 136 143 144 91 77 87 155 223 224 220 219 202 97 164 158 198 230 225 214 210 231 233 217 132 118 77 82 123 171 181 185 165 139 115 227 231 229 229 230 229 230 231 230 230 230 229 231 230 230 231 230 231 232 231 231 232 232 233 233 233 235 232 207 188 180 180 178 180 165 140 117 140 60 95 95 86 92 114 141 161 169 172 174 173 166 151 120 90 69 72 91 148 109 84 158 225 230 228 230 230 228 229 228 227 228 225 220 224 225 225 225 224 223 223 223 214
230 230 183 233 235 237 229 130 80 102 80 99 129 141 116 69 72 75 136 214 215 209 209 192 98 168 162 198 229 228 228 224 229 231 220 170 174 105 90 136 163 177 173 158 139 118 227 230 230 229 231 230 230 231 230 230 230 230 231 230 230 232 231 231 232 231 231 232 232 233 233 233 235 235 234 218 167 158 180 180 183 172 133 129 62 92 85 82 68 66 57 66 74 81 83 76 64 59 78 122 157 192 214 171 128 117 83 179 228 228 228 230 227 228 228 227 227 225 221 224 225 225 222 223 223 223 220 215
231 228 176 233 235 235 227 121 76 100 142 150 191 183 130 112 110 90 101 126 114 99 86 106 95 165 166 192 229 229 230 231 230 231 214 160 163 177 131 167 152 140 145 148 140 119 227 231 229 229 231 229 230 231 230 230 230 229 231 230 230 232 231 231 232 231 231 232 231 233 233 233 234 235 235 236 225 165 137 174 175 162 157 68 80 114 97 83 75 72 72 73 79 81 80 82 75 96 187 224 229 230 232 220 114 76 120 94 210 228 229 229 228 228 228 225 226 226 223 226 226 225 224 223 222 221 219 211
231 228 176 233 234 234 225 120 81 157 186 185 213 208 145 139 89 77 84 89 91 82 69 109 97 173 166 196 230 230 230 230 229 230 223 173 173 169 188 201 166 158 162 158 148 117 227 230 229 229 230 230 230 231 229 230 230 229 231 231 230 232 231 231 232 230 231 232 231 233 232 232 233 232 234 236 236 233 190 122 136 159 126 44 107 140 138 130 119 114 114 116 104 95 84 82 135 214 229 230 230 229 231 232 215 108 126 125 141 224 229 229 228 227 225 222 220 214 207 199 193 183 175 164 158 147 129 102
230 228 182 233 234 234 226 124 91 163 188 184 204 207 161 129 69 76 89 96 92 62 50 91 102 177 168 203 230 230 230 232 230 229 224 184 158 180 228 217 185 147 148 159 148 116 227 231 230 229 231 230 230 231 230 230 231 230 230 231 230 232 231 231 231 231 231 232 231 232 232 231 233 233 233 235 235 237 238 221 164 177 50 41 122 135 134 127 118 109 107 98 74 54 56 115 168 184 190 191 191 188 189 190 188 160 89 134 98 148 152 148 139 136 133 128 125 119 119 113 103 93 83 68 59 61 69 80
231 230 189 233 234 235 226 109 81 158 179 177 191 196 164 110 68 75 96 100 84 45 46 93 100 177 175 205 230 229 230 230 229 229 225 216 213 221 232 230 211 166 156 156 152 124 228 231 230 229 230 230 230 230 229 230 231 230 231 231 231 232 231 231 232 232 232 232 228 228 232 232 233 234 234 234 232 231 224 216 200 143 129 58 48 64 78 82 72 65 54 51 52 51 50 52 55 62 68 66 69 66 67 68 65 60 60 68 73 77 82 87 90 81 77 71 65 57 53 58 66 74 87 99 116 126 126 112
233 232 187 236 237 239 230 110 76 79 81 84 110 123 144 80 89 73 62 81 79 67 70 96 104 188 172 202 230 229 230 230 229 229 221 204 199 203 224 233 227 208 202 154 157 124 228 232 230 230 231 230 231 231 230 231 231 231 232 232 232 234 233 234 235 235 238 238 223 132 133 145 147 147 137 125 107 93 80 72 93 59 55 57 58 74 56 52 52 53 53 63 60 54 53 51 51 52 65 57 51 52 53 51 50 63 100 69 57 49 46 52 63 75 98 105 121 124 125 121 128 125 126 118 114 114 113 106
232 232 185 237 237 239 229 107 78 62 80 94 171 223 181 71 70 62 60 64 96 104 100 99 101 190 169 200 230 229 230 230 230 231 224 202 187 180 217 233 232 227 222 157 151 123 228 232 231 231 232 231 231 232 230 232 232 232 231 233 233 233 234 236 238 240 242 243 221 77 61 59 60 70 72 57 51 53 50 66 56 48 46 51 72 105 51 46 47 48 46 84 58 48 46 47 50 64 95 54 46 50 50 47 45 63 75 104 105 109 122 136 136 134 131 126 131 124 118 119 120 119 119 113 109 114 120 107
231 230 186 235 235 237 225 99 87 130 145 138 231 231 145 66 71 63 86 85 122 89 80 101 100 176 171 199 230 230 229 228 229 230 215 195 187 187 229 233 232 229 223 164 149 124 229 231 231 231 232 231 231 232 230 232 232 232 234 231 232 227 231 236 239 239 243 244 217 67 55 50 53 72 64 50 45 48 48 69 53 46 42 48 78 91 47 46 45 47 48 86 64 45 47 45 46 75 97 54 45 47 45 49 46 78 76 127 112 105 107 110 114 113 118 122 123 119 110 112 117 113 111 107 94 92 89 84
231 231 185 234 235 235 223 94 97 163 149 205 234 231 137 57 66 67 86 92 115 93 100 98 100 176 164 190 228 229 230 228 229 230 218 185 179 211 231 233 231 232 226 179 151 121 228 231 230 231 232 231 231 232 231 232 232 232 234 229 234 235 236 237 239 240 243 243 208 65 55 52 51 61 66 50 49 49 49 65 48 45 45 46 63 69 47 46 48 48 51 88 75 70 75 65 83 99 100 50 46 45 46 48 53 92 66 98 99 101 102 107 107 106 102 104 107 104 94 96 99 99 102 91 88 97 98 96
230 231 181 233 233 233 220 91 99 187 211 225 233 227 136 73 100 119 94 102 122 82 76 118 98 178 166 193 228 228 229 228 229 229 213 165 167 225 231 232 232 232 226 183 153 123 228 231 231 231 232 231 231 232 231 231 232 232 234 233 234 235 236 237 240 240 243 244 200 64 54 49 53 70 65 48 49 49 49 70 50 46 47 48 64 67 53 46 45 46 50 90 72 81 75 69 83 98 96 48 46 42 44 46 65 98 74 98 97 93 96 95 98 105 108 111 115 114 107 103 104 102 105 99 97 107 112 110
229 230 186 233 233 234 217 91 110 208 218 224 230 212 115 136 159 168 146 142 118 66 101 158 100 174 167 193 229 228 230 230 229 221 187 153 178 228 230 231 231 232 226 176 150 122 228 231 231 231 232 231 231 232 231 232 232 232 234 233 234 236 236 237 240 240 243 242 200 62 62 60 59 77 61 52 51 47 48 75 47 46 46 48 67 69 47 46 45 43 54 92 72 71 76 54 84 94 100 48 47 42 43 46 74 100 66 91 98 97 99 99 102 111 112 117 122 120 114 110 107 110 109 105 98 105 110 115
230 230 185 233 233 233 215 88 114 209 213 208 219 186 135 121 192 207 161 147 107 100 168 160 110 185 167 192 231 228 226 217 202 181 158 134 185 170 185 202 202 213 225 182 151 125 229 231 231 231 232 231 231 231 231 232 232 232 233 233 233 235 235 237 239 239 243 243 213 68 84 63 62 76 61 48 45 46 46 71 46 47 47 46 63 71 48 43 42 43 52 87 67 68 95 63 86 111 99 46 45 44 42 47 78 94 72 99 105 104 102 102 108 113 117 122 124 122 117 107 101 106 108 111 112 115 111 103
232 230 180 234 234 234 213 88 116 210 201 131 170 127 62 124 201 198 129 107 153 148 208 163 115 188 170 193 226 213 185 163 141 116 101 106 114 129 158 186 191 204 224 184 158 126 229 231 231 231 232 231 231 232 231 232 232 232 233 233 233 235 235 237 239 239 243 243 220 72 109 63 66 75 58 46 43 44 46 69 47 47 46 46 63 70 45 46 41 43 54 97 67 63 72 50 83 102 84 45 43 41 41 44 81 97 75 89 99 105 106 109 110 114 111 115 118 116 115 109 103 101 104 98 94 96 100 99
232 230 181 235 236 237 215 88 108 164 126 112 135 126 75 99 126 99 79 110 148 192 211 157 118 174 176 196 215 167 142 135 122 106 118 129 126 139 167 181 186 200 225 187 153 122 228 231 231 230 232 231 231 232 232 232 233 232 233 233 233 235 236 236 239 240 243 243 226 67 80 69 61 68 51 46 46 47 48 71 50 44 45 44 61 73 48 44 42 46 48 93 67 60 77 68 70 89 83 48 45 40 40 46 68 95 83 106 107 106 109 103 104 109 105 109 112 112 100 92 96 101 102 99 101 108 112 97
233 232 184 237 238 238 215 85 96 105 90 93 104 67 42 91 135 89 126 179 186 213 206 148 128 168 177 193 204 168 191 199 197 164 170 175 174 165 164 164 170 195 226 201 153 123 229 231 231 231 232 231 231 232 232 233 233 232 233 234 234 235 236 237 239 240 243 244 231 77 53 56 52 71 56 44 46 44 48 63 52 45 46 45 54 75 49 46 41 46 44 84 79 62 54 51 72 80 82 45 43 41 41 43 61 100 78 109 104 99 98 101 99 106 107 107 110 111 106 102 101 103 105 95 92 102 106 100
233 233 189 237 238 238 211 79 80 88 97 89 106 45 41 101 161 124 138 209 202 217 210 144 131 174 180 186 196 157 140 140 163 150 155 161 161 157 146 152 163 185 222 214 156 126 229 231 231 230 231 231 231 230 231 233 233 232 233 233 233 235 236 236 239 239 242 245 233 93 48 49 46 67 59 48 44 43 45 61 51 42 45 47 51 78 49 47 42 44 47 77 74 56 59 55 65 61 81 45 42 39 38 42 52 104 69 90 96 98 95 103 104 102 107 112 111 107 104 98 100 105 103 101 97 100 99 92
233 233 187 237 238 237 207 82 101 109 92 83 124 40 47 107 113 94 84 185 186 218 201 130 126 171 181 196 225 205 135 120 108 102 121 132 139 139 130 146 151 177 215 217 153 124 229 231 231 231 231 231 231 230 231 233 233 232 233 233 233 235 236 237 239 240 243 245 234 115 48 47 42 51 63 45 44 43 44 54 50 45 41 48 47 69 47 44 43 43 45 72 90 67 54 49 64 50 79 47 41 39 39 42 44 99 72 113 99 93 92 94 100 105 114 111 112 109 104 93 95 92 93 82 75 74 83 89
233 231 175 236 237 237 201 80 99 85 73 85 110 77 155 123 92 78 81 155 175 189 189 118 114 184 176 196 226 219 204 149 97 84 89 95 105 107 109 115 132 172 198 207 143 121 229 231 230 231 232 231 231 232 231 233 233 232 234 234 233 235 235 236 239 240 242 244 236 139 50 47 45 43 59 47 43 42 44 58 50 42 42 44 44 68 55 45 44 43 47 65 64 59 65 60 63 53 71 50 43 40 43 40 40 90 57 102 102 87 83 83 85 94 94 91 87 81 76 83 89 92 97 91 90 99 101 93
233 232 184 237 239 237 197 74 92 77 62 76 127 78 198 117 70 95 137 148 116 94 116 101 116 198 169 129 128 116 110 107 91 81 84 81 85 83 82 81 81 91 95 107 111 108 228 231 231 231 232 231 231 232 232 232 233 232 233 233 232 233 235 235 237 237 238 241 238 197 78 49 47 44 53 47 40 44 42 52 52 42 42 45 45 59 56 43 44 44 46 65 59 57 41 47 58 61 63 49 41 37 40 40 37 64 56 93 95 82 78 86 88 98 103 106 102 100 98 105 102 104 103 102 99 108 110 103
233 234 188 239 240 237 188 71 92 82 69 84 114 63 122 87 69 66 67 66 68 63 64 76 101 190 128 106 91 80 81 85 87 90 84 86 89 93 94 101 99 95 102 100 99 133 229 231 231 230 231 231 231 232 232 232 233 232 233 233 232 234 234 235 235 235 237 240 239 222 119 73 72 61 53 54 48 48 44 47 49 42 43 42 44 53 57 45 44 43 47 63 61 49 44 40 40 46 63 47 37 39 40 37 38 59 76 85 103 92 89 90 95 95 96 96 98 100 96 104 109 116 114 106 98 106 116 111
227 225 175 230 228 225 169 72 83 70 68 68 63 65 69 68 68 69 71 72 74 75 78 81 93 147 114 104 100 95 93 94 93 87 90 91 96 99 95 98 101 102 114 122 118 135 229 231 231 230 230 230 231 232 231 232 232 232 233 233 233 234 234 235 236 236 238 240 234 168 90 80 79 77 85 75 72 70 68 67 66 60 57 57 54 52 53 46 46 47 47 55 68 45 40 40 39 45 59 47 38 40 38 37 33 44 57 84 120 108 99 102 96 95 98 100 109 114 112 112 115 108 98 80 67 65 63 42
205 203 156 206 207 205 154 70 70 66 69 66 71 73 71 73 72 75 79 82 88 87 90 90 110 189 143 122 127 124 122 117 104 99 99 101 104 104 108 112 116 131 151 185 138 139 229 231 231 230 231 230 231 232 231 232 232 232 233 233 233 234 234 235 236 235 238 239 230 149 90 80 83 79 93 81 73 74 74 78 84 73 72 73 74 75 76 69 68 69 66 75 90 63 54 47 47 48 50 49 39 38 39 40 39 46 56 67 112 93 88 88 83 82 80 75 72 65 57 51 48 46 44 42 43 49 50 51
204 207 163 211 212 208 161 79 77 75 73 77 79 79 88 81 78 85 92 106 103 112 131 107 118 185 172 170 183 181 166 135 108 106 109 113 122 125 123 133 141 158 183 210 144 142 229 231 230 230 231 231 231 232 231 232 233 232 233 233 233 233 233 234 236 234 237 237 228 140 92 87 84 83 96 82 79 77 83 85 87 78 76 78 78 85 85 76 75 76 72 77 97 77 71 70 69 72 63 60 54 48 50 51 48 69 103 116 74 50 44 47 47 49 46 49 52 54 55 62 71 78 81 72 72 77 82 80
202 204 166 209 211 203 152 90 89 88 91 88 100 91 136 100 92 100 119 142 144 159 152 112 125 169 173 174 186 171 128 129 122 119 127 131 132 138 133 144 151 161 184 204 142 140 228 231 231 230 231 231 231 232 231 232 232 232 233 232 232 233 233 234 236 234 236 235 227 137 98 93 91 90 102 82 79 76 81 87 85 78 76 78 76 89 90 78 76 78 76 81 94 79 74 74 72 70 79 78 69 68 65 68 65 76 108 113 100 69 58 63 67 75 81 92 97 96 97 96 105 103 104 97 99 101 104 100
202 204 169 209 206 201 149 96 95 96 94 99 116 106 162 106 98 95 103 147 153 176 164 116 140 163 176 172 165 141 134 141 146 139 142 141 141 142 140 144 152 164 191 196 143 138 228 231 231 230 231 231 231 232 232 232 232 232 233 232 231 233 233 234 234 233 235 234 225 129 100 96 92 93 103 87 81 85 81 88 84 83 84 81 82 94 91 79 82 79 77 89 97 87 78 78 77 80 88 86 75 70 68 71 71 77 90 100 101 89 90 103 103 105 104 103 106 104 101 107 103 103 106 101 101 99 103 101
201 202 173 210 205 202 149 95 95 100 97 98 113 101 129 110 110 103 113 163 165 180 169 119 141 156 172 172 167 152 158 164 157 145 146 144 145 145 151 152 158 171 192 175 141 139 228 231 230 230 232 231 231 232 231 232 233 231 232 232 229 231 231 232 233 230 230 232 222 132 113 107 104 103 109 91 86 86 84 92 93 87 90 86 87 97 94 81 85 83 86 98 102 97 90 85 84 101 101 92 85 80 81 84 82 81 99 93 113 108 108 107 108 106 107 104 105 108 103 104 104 100 103 98 102 98 100 101
198 199 167 206 207 197 143 102 98 103 100 105 107 81 85 126 114 104 128 164 164 178 168 121 141 147 171 179 172 152 156 154 145 136 135 133 131 141 153 162 165 172 192 161 148 145 229 231 230 230 232 231 231 232 231 232 232 231 231 231 228 230 229 230 232 229 229 231 220 133 127 118 114 111 111 98 94 93 98 98 96 92 91 87 88 100 100 89 89 89 90 102 102 101 97 96 97 102 103 98 89 84 88 89 84 91 110 96 112 108 105 109 113 112 110 105 107 108 104 101 106 106 102 102 100 101 98 100
197 201 161 206 207 196 141 103 109 105 104 112 112 84 87 125 125 117 133 139 147 174 169 124 138 158 165 175 180 162 149 146 138 130 127 127 132 141 156 166 170 178 190 161 147 152 229 232 230 230 231 231 231 232 231 231 232 230 230 229 228 228 227 228 229 227 227 227 217 136 132 122 119 117 117 109 102 101 103 106 101 93 93 95 95 105 102 97 95 93 93 107 106 104 99 100 104 105 106 100 93 88 90 94 91 101 120 103 116 111 107 110 112 112 115 116 115 117 113 108 114 108 111 108 107 109 107 112
201 200 169 205 203 199 140 102 107 112 111 119 121 90 90 125 113 110 104 122 129 159 168 126 143 157 154 182 189 185 180 177 166 155 142 136 155 161 172 183 187 192 190 157 146 151 228 231 230 230 231 231 231 231 231 231 230 228 228 229 228 228 226 225 229 226 224 224 216 140 130 126 125 122 123 113 106 104 106 110 106 100 102 95 99 104 105 99 100 99 100 110 109 109 101 111 105 110 113 104 97 97 97 97 95 108 122 108 118 114 112 115 114 114 117 119 117 120 117 111 111 113 114 111 108 109 111 112
196 197 162 202 200 196 134 108 120 116 115 124 137 104 103 128 143 133 118 123 125 128 157 130 142 155 149 180 188 190 188 191 186 176 154 143 165 189 197 202 204 205 194 157 146 148 227 231 230 230 231 231 231 231 230 231 228 227 228 228 225 227 224 224 225 225 224 224 217 144 131 128 128 126 125 114 111 110 112 111 112 108 107 106 104 109 111 106 107 107 106 114 112 113 111 112 112 117 118 110 102 104 100 104 100 114 121 109 117 116 115 119 117 120 122 121 123 120 120 115 116 112 113 112 111 113 114 113
194 193 164 196 199 193 131 115 134 135 133 134 158 104 117 139 163 147 127 124 110 117 143 125 141 144 149 183 192 192 194 195 194 187 164 149 164 191 199 203 205 203 191 162 149 151 225 231 230 230 231 229 231 230 228 229 229 225 227 226 226 226 224 223 223 224 223 222 215 151 136 130 130 128 128 118 114 113 109 115 114 112 109 106 109 112 113 107 110 106 106 117 116 115 116 120 116 122 124 118 114 109 108 108 111 117 124 114 119 120 120 118 120 122 123 122 124 124 123 120 115 115 117 113 113 117 115 114
192 192 149 195 194 190 131 118 147 163 145 148 170 118 127 131 157 143 132 136 114 112 125 127 148 147 153 184 193 191 193 195 195 191 172 155 161 190 196 201 204 198 191 167 148 156 225 230 230 229 229 229 229 230 227 228 228 223 224 225 223 224 224 221 223 224 222 220 214 156 140 135 133 133 132 126 116 117 117 120 121 118 116 120 117 118 118 112 114 115 113 119 125 122 123 125 121 125 130 121 113 113 111 111 110 118 130 119 125 127 123 122 125 122 129 125 128 128 127 127 121 125 127 125 121 124 124 118
190 192 150 192 192 186 132 118 150 169 166 174 178 138 130 128 136 123 118 133 124 120 123 133 152 147 151 184 193 194 195 197 195 190 171 156 161 182 196 200 201 195 188 160 153 159 224 231 230 229 229 228 229 227 225 224 227 223 224 223 223 222 222 221 221 221 218 218 214 169 148 147 148 142 141 140 130 124 125 124 129 124 119 125 121 124 128 123 121 124 128 126 133 126 126 131 123 131 136 129 119 119 122 116 113 123 132 124 129 132 130 130 130 130 131 131 132 131 130 133 128 128 128 126 124 123 124 120
188 190 152 194 190 185 124 120 156 168 169 180 185 136 125 118 123 119 119 131 123 126 125 137 151 150 154 185 194 191 193 194 196 194 176 160 160 170 196 198 199 190 184 157 154 164 223 228 227 228 229 227 228 227 226 227 226 223 223 224 223 225 220 219 221 221 220 218 214 183 165 159 155 154 149 147 134 131 130 128 129 130 123 129 131 133 129 130 132 126 131 130 135 130 135 136 132 141 139 139 132 139 129 125 125 130 141 132 136 136 135 134 136 135 138 137 139 135 138 135 133 132 130 130 129 127 126 127
188 186 145 190 190 184 127 123 153 167 172 184 186 145 119 120 123 126 129 135 129 131 134 138 158 158 158 189 193 192 195 196 195 192 179 164 164 169 195 196 191 183 181 159 156 162 221 227 226 225 226 226 227 226 222 224 224 221 224 222 221 222 218 219 221 218 217 216 211 191 194 184 178 168 161 155 147 139 137 137 136 135 131 136 136 135 137 131 133 139 139 140 142 142 145 142 138 145 140 143 137 131 130 131 130 134 141 135 140 137 137 137 140 141 142 143 144 137 141 140 139 140 136 136 134 134 132 129
185 183 134 189 190 181 131 122 149 152 164 182 182 152 120 125 127 131 130 137 138 137 132 141 157 161 161 185 192 191 193 195 194 192 178 172 172 178 196 194 184 169 168 160 160 164 216 225 226 226 225 224 227 227 223 222 220 217 221 221 219 219 217 213 217 215 217 216 215 210 206 202 203 199 196 189 178 166 148 144 144 144 142 143 141 140 143 136 137 139 141 140 145 143 153 148 146 151 145 146 139 139 138 139 136 136 143 140 143 144 144 147 146 144 144 143 145 142 144 145 143 141 142 142 138 142 137 135
185 186 137 185 187 178 134 126 144 143 147 176 180 153 128 129 132 132 132 140 140 139 138 143 160 158 160 184 191 192 195 194 194 193 183 178 174 187 193 191 179 168 170 163 162 171 215 222 224 225 226 224 225 223 221 221 221 219 220 220 218 220 219 216 216 216 216 216 213 212 209 205 202 204 203 201 196 186 167 156 151 153 151 151 148 144 147 142 145 149 145 147 150 147 152 151 149 149 148 150 146 143 145 144 144 145 146 145 148 151 147 152 150 151 151 150 150 152 149 148 151 150 150 147 145 146 147 145
184 183 133 188 188 179 136 129 144 147 146 163 171 156 131 134 137 137 141 149 148 143 142 147 159 160 167 185 194 195 195 195 198 195 183 167 168 176 187 182 173 166 170 165 169 173 215 222 224 225 227 226 223 223 221 219 221 219 222 221 218 219 217 217 219 216 218 218 214 214 210 208 208 207 205 199 190 173 166 160 163 164 160 157 153 153 156 152 152 155 151 152 153 154 153 152 149 151 149 151 151 149 150 150 149 150 150 149 154 152 154 151 152 152 154 156 157 155 154 154 153 154 158 156 155 152 159 154
184 184 133 189 190 175 136 131 135 139 139 151 156 147 138 138 135 141 145 151 149 147 149 152 164 167 173 190 194 192 197 197 198 196 181 168 169 169 176 178 173 173 172 170 172 176 218 223 223 224 225 225 224 222 219 221 221 221 222 222 219 220 218 218 220 218 217 217 215 213 210 210 211 208 204 193 179 172 170 168 172 173 169 165 162 161 162 159 157 158 156 159 158 157 157 156 154 156 156 157 155 153 153 153 155 152 156 152 154 157 158 159 157 156 160 160 164 164 161 166 162 160 160 160 161 160 166 160
185 178 130 187 189 175 142 138 140 143 145 159 161 155 141 135 139 145 147 150 151 151 151 153 168 171 176 193 198 196 194 197 196 195 181 174 175 172 173 179 171 173 172 171 173 181 216 221 222 225 224 223 221 221 219 219 221 220 220 220 216 217 218 217 218 215 215 214 214 213 211 211 213 209 199 189 180 176 176 179 176 177 172 173 166 167 168 162 162 164 164 159 161 160 159 163 161 160 160 161 157 154 159 160 154 153 159 157 159 162 160 162 160 163 164 167 171 169 167 170 167 166 164 162 167 167 167 164
185 180 128 187 187 173 144 142 150 156 158 169 169 153 148 141 143 147 150 155 158 153 155 157 170 172 179 194 194 193 193 199 199 196 180 176 173 169 171 178 175 176 179 177 179 186 214 219 220 223 225 223 220 217 218 217 220 220 221 217 215 216 217 217 217 214 216 214 214 212 213 211 213 207 198 185 182 181 181 183 183 180 175 178 173 167 169 171 171 171 165 164 165 162 164 165 166 169 167 164 163 164 160 161 160 159 159 160 160 161 161 161 157 161 163 164 170 168 169 170 169 166 166 163 167 170 171 164
181 181 133 187 187 171 148 147 156 164 165 171 168 155 154 147 149 151 153 161 163 166 165 163 170 173 180 189 192 190 189 196 196 194 183 176 172 173 174 178 181 183 183 178 181 184 212 219 220 221 222 220 220 219 216 218 220 215 217 218 215 218 215 214 216 214 215 214 214 214 212 211 210 204 192 188 184 182 182 183 183 180 176 175 179 171 173 175 172 171 170 170 170 170 175 174 176 178 176 174 173 170 167 164 158 161 161 162 164 163 159 161 157 163 170 173 177 176 176 178 182 183 181 183 186 184 183 179
187 186 139 186 180 170 153 154 162 165 166 170 167 155 157 150 151 154 164 168 174 173 173 163 170 172 178 185 184 180 184 190 189 190 177 168 167 166 170 175 175 177 176 170 177 183 201 207 207 211 211 209 209 207 204 208 210 206 202 199 201 204 203 203 200 198 208 205 202 201 203 202 207 205 191 194 187 190 185 181 176 183 172 164 163 159 166 168 165 168 168 176 184 187 186 179 167 157 157 159 159 161 158 161 156 155 160 147 150 153 153 150 152 157 165 171 169 173 175 182 171 168 173 170 173 173 173 181

LH:
2 2
1 1
2 127
1 1
2 124
3 1
2 2
1 1
2 124
3 1
2 2
1 1
2 124
3 1
2 2
1 1
2 124
3 1
2 2
0 1
2 124
3 1
2 2
0 1
2 124
3 1
2 2
0 1
2 124
3 1
2 2
0 1
2 124
3 1
2 2
0 1
2 124
3 1
2 2
1 1
2 127
1 1
2 127
1 1
2 124
3 1
2 2
1 1
2 124
3 1
2 2
1 1
2 127
0 1
2 127
0 1
2 124
3 1
2 2
0 1
2 124
3 1
2 2
0 1
2 127
0 1
2 127
0 1
2 127
0 1
2 127
0 1
2 127
0 1
2 127
0 1
2 127
0 1
2 127
0 1
2 127
1 1
2 127
0 1
2 127
0 1
2 127
0 1
2 127
0 1
2 127
0 1
2 127
0 1
2 77
3 1
2 1
1 1
2 11
1 2
2 34
0 1
2 78
1 1
2 2
1 1
2 11
1 2
2 32
0 1
2 76
3 1
0 1
2 2
1 1
2 14
1 1
2 31
0 1
2 77
1 1
3 1
1 2
2 13
1 3
2 30
0 1
2 75
3 1
1 1
2 1
3 1
0 1
2 15
3 1
0 1
2 30
0 1
2 75
3 1
1 1
2 1
3 1
0 1
2 14
3 2
0 1
2 30
0 1
2 75
3 1
0 1
2 1
3 1
1 1
2 16
1 1
2 30
0 1
2 72
1 1
2 2
3 1
0 1
2 2
1 1
2 14
1 2
2 1
1 1
2 29
0 1
2 71
3 1
2 2
3 1
2 1
1 1
2 7
1 1
2 9
1 2
2 1
1 1
2 29
0 1
2 85
1 2
2 10
1 1
2 2
1 1
2 26
0 1
2 86
1 1
2 13
0 1
2 26
0 1
2 86
3 1
2 6
1 2
2 6
1 2
2 24
1 1
2 86
1 1
3 1
2 1
1 3
2 1
3 1
2 1
1 2
2 5
1 2
2 23
0 1
2 84
1 1
2 3
1 1
3 1
2 7
1 1
2 5
1 2
2 22
0 1
2 81
1 1
2 16
1 2
2 4
1 1
2 22
0 1
2 79
1 2
2 19
1 1
2 2
3 1
1 2
2 21
0 1
2 78
1 1
2 22
1 1
2 1
3 1
1 1
0 1
2 21
0 1
2 76
1 1
2 11
1 1
3 1
2 1
1 3
2 7
1 2
3 1
1 1
0 1
2 21
0 1
2 74
1 1
2 9
1 1
2 1
1 1
2 1
3 2
2 4
1 2
2 6
1 1
3 1
2 1
0 1
2 21
0 1
2 79
1 1
2 2
1 1
2 1
1 1
2 1
1 2
2 1
3 1
2 1
1 1
3 1
2 2
1 2
2 4
3 1
1 1
3 1
1 2
2 21
0 1
2 76
1 1
2 5
1 1
2 1
1 1
2 2
1 1
3 2
2 1
1 1
3 1
2 1
1 1
3 1
2 1
1 1
2 3
3 1
2 2
1 2
2 21
0 1
2 75
1 1
2 3
3 1
2 2
1 1
2 3
1 2
3 1
1 1
2 1
1 1
2 1
1 2
3 1
2 2
1 1
2 3
3 1
2 1
1 2
2 21
0 1
2 75
1 1
2 2
3 1
2 8
1 1
3 1
1 1
2 4
0 1
3 1
2 2
1 1
0 1
2 3
3 1
2 1
1 2
2 20
0 1
2 83
1 1
2 3
0 1
2 1
1 1
2 2
3 1
2 1
0 1
3 1
2 3
1 2
2 2
3 1
2 1
1 2
2 20
0 1
2 77
3 1
2 5
1 1
3 1
1 1
3 1
1 1
2 1
1 1
2 4
0 1
3 1
2 4
1 1
2 3
3 1
2 1
1 2
2 19
0 1
2 65
3 1
2 11
3 1
1 1
2 6
1 1
2 1
1 1
2 3
1 1
3 1
1 2
3 1
0 1
3 1
1 1
3 1
1 1
0 1
2 2
3 1
2 2
0 1
2 19
0 1
2 77
3 1
2 1
1 2
3 1
1 1
2 4
1 1
2 3
1 1
2 2
1 1
2 1
1 1
3 1
1 1
2 2
1 1
2 3
3 1
2 1
1 2
2 18
0 1
2 79
1 2
3 1
0 1
3 1
2 3
1 1
2 9
1 1
2 3
1 2
2 2
3 1
2 1
1 2
2 18
0 1
2 64
3 1
2 14
1 1
3 2
0 1
2 5
1 1
2 12
1 1
0 1
2 3
3 1
1 1
0 1
2 18
0 1
2 76
3 1
2 2
1 1
2 8
1 1
2 2
3 1
2 10
1 1
2 3
3 1
2 1
1 2
2 17
0 1
2 76
3 1
2 1
1 1
2 9
0 1
2 10
1 1
2 2
1 2
2 2
3 1
2 1
1 2
2 17
0 1
2 78
1 1
2 1
1 1
3 1
2 7
1 1
2 7
1 1
2 1
1 1
2 3
1 1
2 2
3 1
2 1
1 2
2 17
0 1
2 78
1 1
2 1
1 1
2 7
1 1
0 1
2 1
1 1
2 10
1 2
2 2
3 1
2 1
1 2
2 17
0 1
2 78
1 1
2 11
1 1
2 1
3 1
2 5
1 1
2 2
1 1
2 1
0 1
2 2
3 1
2 1
1 2
2 17
0 1
2 77
3 1
1 1
2 1
1 1
3 1
2 9
1 1
3 1
2 9
1 1
0 1
2 2
3 1
2 1
1 2
2 17
0 1
2 76
1 1
3 1
2 11
1 3
2 10
1 1
0 1
2 2
3 1
2 1
1 2
2 17
0 1
2 77
3 1
2 10
1 1
2 3
1 1
3 1
2 4
1 2
2 2
1 1
0 1
2 2
3 1
2 1
1 2
2 17
0 1
2 79
1 1
2 2
1 1
2 5
1 1
2 1
1 1
2 1
1 1
3 1
2 5
1 1
3 1
2 1
1 2
2 2
3 1
1 3
2 17
0 1
2 74
1 1
2 2
1 1
3 1
2 1
1 2
2 3
1 1
2 6
1 1
2 1
3 1
2 2
1 1
3 1
0 1
3 1
2 1
1 1
2 3
3 1
1 3
2 17
0 1
2 78
3 1
1 1
3 1
2 1
1 1
3 1
2 9
0 1
3 1
2 2
1 1
2 1
0 1
3 1
2 1
0 1
2 5
1 1
2 18
0 1
2 74
1 1
2 4
3 2
2 1
1 1
3 1
1 1
2 2
3 1
2 5
1 1
2 5
1 1
3 1
1 2
2 3
1 1
2 1
1 1
2 18
0 1
2 86
1 1
3 1
2 1
1 1
2 1
1 1
2 2
0 1
3 1
2 5
1 2
2 5
1 1
2 18
0 1
2 80
3 1
2 5
1 1
2 2
0 1
3 1
2 4
3 1
2 1
1 1
3 1
2 1
1 1
0 1
2 5
1 2
2 18
0 1
2 81
3 1
2 3
1 1
2 3
1 1
2 4
1 1
3 1
2 1
0 1
3 1
2 1
1 1
2 6
1 1
2 19
0 1
2 82
3 1
2 2
0 1
3 1
2 2
1 1
2 2
1 1
3 1
1 1
3 1
2 1
0 1
3 1
1 2
2 5
1 2
2 19
0 1
2 83
3 1
2 1
0 1
3 1
2 2
1 1
2 2
1 1
2 2
1 1
2 3
1 1
2 6
1 1
2 20
0 1
2 89
1 1
3 1
2 2
3 1
2 3
1 1
2 7
1 2
2 20
0 1
2 4
3 1
2 17
1 1
2 18
1 1
2 38
1 1
2 9
1 1
2 1
1 1
2 2
1 2
2 7
1 2
2 21
0 1
2 4
3 1
2 16
1 2
2 1
3 1
2 16
1 1
2 39
1 1
2 9
1 1
2 1
1 1
2 9
1 2
2 22
0 1
2 4
3 1
1 1
2 1
1 1
2 14
1 1
2 5
1 1
2 12
1 2
2 38
1 1
2 1
1 1
2 18
1 2
2 23
0 1
2 4
3 1
1 1
2 9
1 1
2 6
1 1
2 1
1 1
2 3
1 1
2 3
3 1
2 3
1 1
2 4
1 2
2 38
3 1
2 2
1 1
2 17
1 2
2 23
0 1
2 4
3 1
2 10
1 1
2 6
1 3
2 3
1 1
2 7
1 1
2 4
1 1
2 38
1 1
2 5
1 1
2 16
1 1
2 23
0 1
2 4
3 1
2 3
1 1
2 2
3 1
2 3
0 1
2 6
1 1
2 1
1 1
2 11
1 1
2 3
1 3
2 31
1 1
2 5
3 1
2 14
1 4
2 5
1 1
2 22
0 1
2 4
3 1
2 3
1 1
2 2
3 1
2 3
1 1
2 4
1 1
2 1
1 1
2 1
1 1
2 8
1 1
2 6
1 3
2 32
1 1
2 3
1 1
2 1
1 1
2 12
1 2
2 5
3 1
1 1
3 1
1 2
2 21
0 1
2 4
3 1
2 1
1 1
2 4
3 1
1 1
2 7
0 1
2 1
1 1
2 1
1 1
2 10
1 1
2 4
1 2
2 35
1 1
2 1
3 1
2 1
1 1
2 11
1 2
2 7
3 1
0 1
3 1
0 1
2 21
0 1
2 4
3 1
2 4
1 1
2 1
3 1
2 3
1 1
2 4
0 1
2 1
1 2
2 10
1 1
2 6
1 1
2 36
1 1
2 2
1 1
2 9
1 2
2 10
1 1
2 23
0 1
2 4
3 1
2 2
1 1
2 1
1 1
2 1
3 2
2 7
0 1
2 1
1 2
2 17
1 2
2 35
3 1
2 48
0 1
2 4
3 1
2 11
1 1
2 3
0 1
2 1
1 3
2 16
1 2
2 34
1 1
2 49
0 1
2 8
1 2
2 1
3 1
2 5
3 1
1 1
2 1
0 1
2 1
1 3
2 10
1 1
2 5
1 2
2 27
1 1
2 10
1 1
2 12
1 1
2 32
0 1
2 5
1 2
2 1
1 1
2 2
3 1
2 3
1 1
2 4
0 1
1 4
2 9
1 1
2 6
1 2
2 27
1 1
2 10
1 1
2 12
1 1
2 8
1 1
2 23
0 1
2 5
1 1
2 2
1 1
2 2
3 1
2 5
3 1
2 2
1 2
2 1
1 2
2 9
1 1
2 5
3 1
1 2
2 27
1 1
2 10
1 1
2 7
1 1
2 4
1 1
2 8
1 1
2 18
1 1
2 4
0 1
2 5
1 2
2 4
1 1
2 1
1 1
2 2
1 1
3 1
2 2
1 2
2 1
1 2
2 16
1 2
2 22
3 1
2 4
1 1
2 10
1 1
2 12
1 2
2 5
1 3
2 23
0 1
2 5
1 1
2 7
1 1
2 2
1 1
3 1
2 1
1 1
2 1
1 1
2 1
1 2
2 8
1 1
2 6
3 1
1 2
2 22
3 1
2 4
1 1
2 2
1 1
2 7
1 1
2 12
1 2
2 5
1 3
2 23
0 1
2 5
1 1
2 4
3 1
1 1
2 1
1 1
2 5
1 1
3 1
1 1
2 1
1 2
2 16
1 2
2 27
1 1
2 10
1 1
2 12
0 1
1 1
2 5
1 1
2 1
1 1
2 23
0 1
2 5
1 1
2 3
1 1
3 1
1 1
2 1
1 1
2 4
1 1
2 1
3 1
1 1
2 1
1 2
2 9
1 1
2 6
1 2
2 24
3 1
2 2
1 1
2 10
1 1
2 11
1 1
0 1
1 1
2 5
1 1
2 25
0 1
2 9
1 1
3 1
2 1
1 1
3 1
2 2
1 1
2 1
1 1
2 1
3 1
1 1
2 1
1 2
2 16
1 2
2 27
1 1
2 10
1 1
2 6
3 1
2 5
1 1
2 6
1 1
2 1
1 1
2 23
0 1
2 6
3 1
2 2
1 1
3 1
2 1
0 1
2 7
3 1
1 1
3 1
1 2
2 16
1 2
2 23
3 1
2 3
1 1
2 23
1 1
2 6
1 1
2 1
1 1
2 23
0 1
2 9
1 1
2 2
0 1
2 2
1 1
2 4
3 1
1 1
3 1
1 2
2 13
1 1
2 2
1 2
2 23
3 1
2 3
1 1
2 20
1 1
2 2
1 1
2 8
1 1
2 23
0 1
2 12
1 1
2 2
1 3
2 2
3 1
1 1
3 1
1 2
2 11
1 1
2 1
1 1
2 2
1 2
2 23
3 1
2 36
1 1
2 23
0 1
2 3
3 1
2 6
1 2
3 1
2 2
1 2
2 3
3 1
2 2
1 2
2 12
1 2
2 2
1 2
2 23
3 1
2 9
1 1
2 11
1 1
2 38
0 1
2 3
3 1
2 4
1 1
2 1
1 1
2 1
3 1
2 4
3 1
2 3
1 1
2 1
1 1
2 17
1 2
2 23
3 1
2 9
1 1
2 11
1 1
2 4
1 1
2 24
1 1
2 8
0 1
2 3
3 1
2 4
1 1
3 1
2 32
1 1
2 24
3 1
2 20
1 1
2 6
1 1
2 6
1 1
3 1
1 1
2 22
0 1
2 3
3 1
2 38
1 1
2 23
3 1
2 28
1 1
2 6
1 1
2 1
1 1
2 22
0 1
2 3
3 1
2 34
1 1
2 1
1 3
2 23
3 1
2 37
1 1
2 22
0 1
2 3
3 1
2 19
1 2
2 13
1 1
2 2
1 2
2 23
3 1
2 60
1 1
2 3
3 1
2 18
1 3
2 13
1 1
2 2
1 2
2 23
3 1
2 9
1 1
2 5
1 1
2 12
1 1
2 8
1 1
2 22
1 1
2 3
3 1
2 5
3 1
1 1
2 6
1 1
2 3
1 1
2 1
1 2
2 16
1 2
2 23
3 1
2 9
1 1
2 50
1 1
2 3
3 1
2 6
1 1
2 4
1 1
2 1
1 1
2 3
1 1
2 1
1 2
2 16
1 2
2 52
1 1
2 31
1 1
2 3
3 1
2 11
1 1
2 7
1 1
2 17
1 2
2 84
0 1
2 3
3 1
2 1
1 1
2 6
1 1
2 2
1 1
2 7
1 1
2 18
1 1
2 52
1 1
2 31
1 1
2 3
3 1
2 12
1 1
2 7
1 1
2 16
1 2
2 45
1 1
2 6
1 1
2 31
1 1
2 12
1 1
2 20
1 1
2 8
1 1
2 45
1 1
2 6
1 1
2 31
1 1
2 5
1 1
2 6
1 1
2 6
1 1
2 1
1 1
2 11
1 1
2 8
1 1
2 45
1 1
2 38
1 1
2 5
1 1
2 2
1 1
2 3
1 1
2 8
1 1
2 20
1 1
2 45
1 1
2 38
0 1
2 5
1 1
2 36
1 1
2 52
1 1
2 31
0 1
2 5
1 1
2 15
1 1
2 20
1 1
2 84
0 1
2 5
1 1
2 15
1 1
2 105
0 1
2 21
1 1
2 20
1 1
2 84
0 1
2 21
1 1
2 105
0 1
2 21
1 1
2 20
1 1
2 84
0 1
2 21
1 1
2 105
0 1
2 127
0 1
2 127
0 1
2 127
0 1
2 88
1 1
2 36

HL:
1 2
2 4176
3 3
2 5
3 3
2 115
3 2
1 2
2 1
1 2
0 5
1 1
2 1
3 2
2 113
0 1
2 2
1 2
2 6
1 1
0 1
1 1
2 1
3 2
2 110
1 1
2 2
1 1
2 10
1 2
2 127
1 2
2 128
1 2
2 127
1 1
2 232
3 1
2 5
1 1
2 120
1 1
2 10
3 3
2 5
3 4
2 119
3 1
2 5
1 2
2 5
3 3
2 113
3 6
2 123
1 1
2 1
1 1
2 7
1 2
2 1
1 1
3 1
2 108
3 1
2 2
1 1
0 1
1 2
0 1
2 5
3 1
2 5
1 1
3 1
2 105
3 1
2 1
0 1
1 2
2 5
1 2
2 5
3 1
2 4
1 1
3 1
2 103
3 1
2 1
1 3
2 3
1 8
2 3
3 1
2 3
1 1
2 102
3 2
1 3
2 4
1 2
2 4
1 5
2 6
1 1
2 100
3 1
1 2
2 8
3 3
2 5
1 3
2 104
3 1
2 2
1 2
2 5
3 2
2 1
1 1
2 3
3 3
2 3
1 3
2 100
3 1
2 1
1 3
2 8
1 1
2 2
1 1
2 2
1 1
2 2
3 2
2 3
1 2
2 97
3 1
1 2
2 8
3 1
2 1
1 3
2 9
1 1
3 1
2 3
1 2
2 3
1 1
2 119
3 1
2 3
1 2
2 114
3 1
2 8
3 1
2 3
1 1
2 99
1 1
2 14
1 1
3 1
2 8
3 1
2 2
1 2
2 98
1 1
2 13
1 1
2 1
1 3
2 7
3 1
2 2
1 2
2 1
3 1
2 99
1 2
2 8
3 1
2 1
3 2
2 5
1 2
2 5
1 1
2 103
1 3
3 1
2 1
3 1
2 1
1 1
2 1
1 1
2 1
1 2
2 2
3 1
2 3
1 1
3 1
2 3
1 2
2 105
1 1
2 4
1 1
2 2
1 1
2 5
1 1
2 7
1 1
2 110
1 3
2 6
3 1
2 7
1 1
2 119
1 1
0 2
2 6
1 1
2 100
3 1
2 8
1 1
2 8
3 3
2 106
1 1
2 1
1 2
2 8
1 2
2 5
1 1
2 1
1 1
0 1
1 1
2 107
1 1
2 7
1 1
2 2
1 1
0 4
1 2
2 1
1 1
0 2
2 104
1 1
2 13
3 6
2 1
3 1
2 129
1 1
2 106
3 1
2 10
1 1
2 7
1 1
2 104
1 1
2 3
1 1
2 10
1 1
2 6
1 1
2 105
1 1
2 3
3 1
1 1
2 10
1 1
2 114
1 2
2 6
1 2
2 3
1 1
2 112
1 1
2 3
1 2
2 13
1 1
2 108
1 2
2 2
3 1
2 10
3 1
1 1
2 1
1 1
2 1
3 1
2 3
1 1
2 104
1 1
2 4
1 3
2 120
1 1
2 4
3 2
2 3
1 1
2 1
3 1
1 1
2 1
3 1
1 3
2 3
1 1
2 106
1 1
2 5
1 1
2 2
1 1
2 2
3 1
2 5
1 1
2 2
1 1
2 107
1 1
2 3
1 1
2 6
1 2
2 6
1 1
2 6
1 1
2 102
1 1
2 10
1 1
2 5
1 2
2 6
1 1
2 103
1 1
2 13
3 1
1 2
2 6
1 1
2 105
1 1
2 12
1 1
2 7
1 1
2 26
3 29
2 52
1 2
2 4
1 1
2 2
1 2
0 1
2 7
1 2
2 45
1 2
2 2
1 3
0 2
1 9
2 27
1 1
2 15
1 1
2 2
1 4
2 1
1 3
2 8
1 2
2 30
1 4
2 4
1 6
2 5
1 1
2 6
3 1
2 35
1 1
2 11
1 1
2 4
1 1
2 3
1 4
2 8
1 2
2 50
1 1
2 43
1 1
2 10
3 1
2 2
3 1
2 4
1 2
2 4
1 1
2 64
1 2
2 37
1 1
2 14
3 2
2 6
3 2
2 2
1 2
2 3
3 1
2 58
1 1
2 37
1 1
2 16
3 4
2 2
1 1
0 2
1 4
2 2
3 1
2 29
1 8
2 2
3 2
2 14
1 5
2 2
1 1
2 34
1 1
2 7
1 1
2 6
1 2
2 3
1 2
2 5
1 1
2 1
1 1
2 59
1 1
2 39
1 1
2 1
3 1
2 6
1 4
2 5
0 1
1 1
2 7
1 1
2 1
1 1
3 1
2 10
3 9
2 37
1 1
2 3
1 1
2 37
1 1
0 1
2 5
1 2
2 2
1 1
2 1
3 1
2 2
3 11
2 1
3 1
2 1
3 5
2 7
3 3
2 1
1 3
2 79
3 1
2 1
3 2
2 3
3 3
2 24
3 3
2 3
1 5
2 18
1 1
2 6
1 2
2 18
1 2
2 26
3 9
2 2
3 1
2 4
1 1
2 25
1 8
2 19
1 3
2 94
1 5
2 25
1 1
2 27
1 1
2 99
1 3
2 5
1 2
2 74
1 3
2 41
1 1
2 5
1 3
2 1
1 1
2 3
1 1
2 118
1 1
2 2
1 2
2 3
1 1
2 71
1 1
2 53
1 3
2 14
3 1
2 32
1 1
2 24
1 1
2 50
3 1
2 2
1 1
2 10
3 2
2 96
1 1
2 6
3 2
2 19
1 7
2 1
1 1
2 55
1 1
2 12
1 1
2 36
1 5
2 124
3 2
2 11
3 2
2 83
1 1
2 20
1 2
2 19
1 2
2 76
3 1
2 33
1 1
0 1
2 3
1 1
2 3
1 1
2 8
1 2
2 112
1 1
2 4
3 1
2 4
3 5
2 37
1 2
2 71
3 1
2 111
1 1
2 25
1 2
2 2
1 1
2 52
1 3
2 32
1 1
2 1
1 1
2 2
3 4
2 29
1 6
2 8
1 4
2 69
3 4
2 30
1 4
2 77
1 1
2 4
1 3
2 8
1 1
2 8
1 3
2 12
1 1
2 1
1 1
2 98
1 5
2 119
1 2
2 31
3 1
2 272
1 1
2 133
1 1
2 106
1 1
2 120
1 1
2 572
1 1
2 1
1 2
2 129
1 3
2 819
1 2
2 90
1 2
2 20
3 2
2 3
3 8

HH:
2 127
1 1
2 2303
3 1
2 1746
1 1
2 1
3 2
2 6
3 1
2 115
1 1
3 2
2 10
1 1
2 113
1 1
3 1
1 2
3 1
2 8
3 1
2 3
1 1
3 1
2 109
3 1
2 2
3 1
2 11
3 1
1 1
2 1
1 1
3 1
2 108
3 1
2 2
3 1
2 12
3 3
1 1
3 1
2 107
3 1
2 17
1 1
2 1
3 1
2 126
3 1
2 126
3 2
2 103
1 1
3 1
2 2
3 1
2 2
3 1
2 120
3 1
2 1
3 1
2 1
3 1
1 1
3 1
2 6
3 1
2 9
3 1
2 1
3 1
2 104
1 1
3 1
2 11
3 1
2 2
3 1
2 6
3 1
1 2
2 1
3 1
2 99
3 1
2 12
1 1
2 12
3 1
2 100
3 1
2 12
3 2
2 7
3 2
2 5
1 1
2 1
3 1
2 107
3 1
2 2
3 1
2 1
0 1
2 4
3 1
2 3
3 1
2 4
1 1
2 1
3 1
2 104
1 1
3 1
2 5
3 1
2 1
3 1
2 8
3 1
2 3
1 1
2 1
3 1
2 105
3 1
2 15
1 1
3 1
2 2
3 1
2 102
1 1
3 2
2 16
1 1
2 3
3 2
2 1
1 1
2 1
3 1
2 98
3 2
2 17
3 1
2 5
3 1
2 1
3 1
2 99
3 1
2 9
3 1
2 3
3 1
2 1
1 1
2 1
3 1
2 3
3 1
2 1
1 1
2 101
3 1
2 9
3 1
2 1
1 1
2 2
3 1
0 1
2 1
3 1
2 2
1 1
3 1
2 4
1 1
2 97
3 2
2 10
1 1
2 1
3 2
2 10
3 1
2 4
1 1
2 1
3 1
2 1
1 1
2 100
3 1
2 1
3 1
2 5
3 2
1 1
3 1
2 7
1 1
3 1
2 3
1 1
2 1
3 1
2 102
3 1
2 10
3 1
1 1
3 1
2 5
1 1
2 6
3 1
2 89
3 1
2 10
1 1
2 8
3 1
2 1
3 1
2 9
3 1
2 2
3 1
2 103
3 1
2 10
3 1
2 2
1 1
2 7
3 1
2 2
3 1
1 1
2 1
3 1
2 98
1 2
2 6
3 1
2 1
1 1
3 1
2 2
3 2
2 5
3 1
2 1
1 1
2 3
3 1
2 2
3 1
2 100
3 1
1 1
2 1
1 1
3 1
2 1
3 1
2 4
3 1
1 1
2 1
1 1
3 2
2 2
3 1
1 1
3 1
2 3
1 1
2 87
3 1
2 16
3 1
2 5
1 1
2 2
3 1
2 2
1 1
3 1
1 1
3 1
2 3
1 1
2 5
1 1
2 97
3 1
2 9
1 1
3 1
2 2
0 1
3 1
2 6
3 1
2 2
3 1
2 5
3 1
2 99
1 1
3 1
2 1
3 1
2 4
1 2
3 2
2 7
1 1
2 92
3 1
2 14
1 1
3 1
2 7
3 2
2 9
3 1
2 106
3 1
1 1
3 1
1 1
2 8
3 1
2 10
1 1
2 1
3 1
2 105
3 1
2 7
3 1
2 1
3 2
2 5
3 1
2 4
1 1
2 102
3 1
1 1
2 12
1 1
2 5
3 1
2 2
3 2
2 105
3 1
1 1
2 7
1 1
3 1
2 1
3 1
2 111
3 1
2 1
1 1
3 1
1 1
3 1
2 9
3 1
1 1
2 6
3 1
2 1
1 1
2 1
3 1
2 116
3 1
2 112
3 1
2 2
0 1
2 1
3 1
2 9
3 1
1 1
2 4
3 1
2 106
3 1
1 1
2 1
3 1
1 1
0 1
2 5
3 1
1 1
2 3
3 1
2 4
1 1
3 1
2 108
1 1
3 2
1 1
2 1
3 1
2 11
3 1
2 108
3 1
2 10
3 1
2 2
1 1
3 2
2 2
1 1
3 1
2 2
3 1
2 4
3 1
2 95
3 1
2 5
3 1
2 1
3 2
2 3
1 1
2 2
3 1
2 3
3 1
2 5
3 1
2 106
3 1
0 1
3 1
2 4
3 2
2 1
3 1
0 1
2 1
3 1
2 1
3 2
2 1
1 1
2 3
3 1
2 3
3 1
2 87
3 1
2 12
3 1
2 1
3 1
2 5
1 1
3 1
2 2
3 1
2 6
3 1
1 1
2 109
3 2
2 3
3 1
2 6
3 1
1 1
2 1
3 1
2 4
3 1
2 3
3 1
2 104
3 1
2 11
3 1
1 1
2 3
3 2
1 1
2 109
3 1
2 6
3 1
2 8
1 2
2 111
3 1
2 5
1 1
2 3
1 1
2 3
3 1
2 4
3 2
2 1
3 1
2 26
0 1
2 17
3 1
2 18
3 1
2 25
3 1
2 17
3 1
2 6
1 1
3 1
2 1
3 1
2 6
3 1
2 1
3 1
2 28
3 1
2 18
1 1
2 3
3 1
2 57
3 2
1 1
2 2
1 1
2 8
1 1
3 1
2 1
3 1
2 29
1 1
2 1
3 1
2 7
3 1
2 8
3 1
2 9
3 2
2 45
1 1
2 15
3 1
2 4
3 1
2 48
3 1
2 8
3 1
2 3
3 1
2 43
3 1
2 17
3 1
2 41
3 1
2 19
3 1
2 47
1 1
2 15
3 1
2 3
3 2
1 1
2 58
3 1
2 6
3 1
2 31
3 1
2 1
3 1
2 4
3 1
2 13
3 3
2 4
1 1
3 2
1 1
3 1
2 31
1 1
3 1
2 3
1 1
2 1
1 1
2 15
3 1
2 44
3 1
2 2
0 1
3 2
2 10
3 1
2 1
3 1
1 1
2 5
1 2
3 1
1 1
3 1
2 35
3 1
2 21
3 1
2 39
3 1
1 1
2 1
3 1
2 13
3 1
2 9
1 1
3 1
2 31
3 1
2 4
1 1
2 21
3 1
2 41
3 1
2 1
1 1
3 1
2 10
3 1
2 1
1 1
2 10
1 1
3 1
2 16
3 2
2 16
3 1
2 65
3 3
2 6
3 1
2 29
3 1
2 21
3 1
2 1
3 1
2 5
3 1
2 19
3 1
2 27
0 1
3 1
2 4
3 1
2 4
1 1
2 25
1 1
2 32
3 1
2 2
1 1
2 1
3 1
2 67
3 1
2 21
3 1
2 32
3 1
2 5
3 1
2 3
1 1
2 15
3 1
2 6
3 1
2 34
3 1
2 17
3 1
2 40
3 1
1 1
2 84
3 1
2 40
1 1
2 4
3 1
1 1
2 1
3 1
2 1
3 1
2 16
3 1
2 67
3 1
2 22
3 1
2 14
1 1
3 1
2 3
1 1
2 2
3 1
2 53
3 1
2 17
1 1
2 46
1 1
3 1
2 5
3 1
2 1
1 1
2 13
1 1
3 1
2 32
1 1
2 22
3 2
2 2
3 1
2 41
3 1
2 2
1 1
3 1
2 5
3 1
2 72
3 1
2 1
3 1
2 40
1 1
3 1
2 2
3 1
2 1
3 1
2 13
3 2
2 39
3 1
2 35
3 1
2 30
3 1
2 3
3 1
2 2
3 1
2 1
3 1
2 19
1 1
3 1
2 67
3 1
2 22
3 1
2 15
3 1
2 124
1 1
3 1
2 6
3 1
2 1
3 1
2 4
1 1
2 64
3 1
2 12
3 1
2 28
3 1
2 2
3 2
1 1
2 3
3 1
2 3
3 1
2 8
3 1
1 1
2 63
3 1
2 44
1 1
2 9
3 1
2 8
3 1
2 36
3 1
2 26
3 1
2 1
3 1
2 99
3 1
2 26
3 1
2 136
3 1
2 19
3 1
2 27
3 1
2 58
3 1
2 21
1 1
2 45
3 1
2 81
3 1
2 50
3 1
2 317
3 1
2 50
3 1
2 261
3 1
2 126
3 1
2 115
3 1
2 95
3 1
2 409
3 1
2 1112
3 1
2 3
3 1
2 3
3 1
2 24
3 1
2 3
